2038
0,23,18,0
1,23,18,1
2,23,18,1
3,23,18,1
4,23,18,1
5,23,18,2
5,24,18,3
6,23,18,4
6,24,18,3
7,23,18,4
7,24,18,3
8,23,18,4
8,24,18,3
9,23,17,2
9,23,18,4
9,23,19,2
9,24,17,5
9,24,18,3
9,24,19,5
10,23,17,6
10,23,18,4
10,23,19,6
10,24,17,7
10,24,19,8
11,22,17,6
11,22,19,6
11,23,17,6
11,23,18,4
11,23,19,6
11,24,17,3
11,24,19,3
12,17,17,6
12,17,19,6
12,22,17,6
12,22,18,1
12,22,19,6
12,23,16,1
12,23,17,9
12,23,18,4
12,23,19,9
12,23,20,1
12,24,16,5
12,24,20,5
13,16,17,6
13,16,19,6
13,17,16,6
13,17,17,6
13,17,19,6
13,17,20,6
13,22,16,6
13,22,17,6
13,22,18,1
13,22,19,6
13,22,20,6
13,23,16,1
13,23,17,9
13,23,18,4
13,23,19,9
13,23,20,1
13,24,16,7
13,24,20,8
14,17,16,6
14,17,17,6
14,17,19,6
14,17,20,6
14,18,17,6
14,18,19,6
14,21,17,6
14,21,19,6
14,22,16,6
14,22,17,6
14,22,18,2
14,22,19,6
14,22,20,6
14,23,16,2
14,23,17,6
14,23,18,4
14,23,19,6
14,23,20,2
14,24,16,7
14,24,20,8
15,17,17,6
15,17,19,6
15,18,16,6
15,18,17,6
15,18,19,6
15,18,20,6
15,19,17,6
15,19,19,6
15,20,17,6
15,20,19,6
15,21,16,6
15,21,17,6
15,21,19,6
15,21,20,6
15,22,17,6
15,22,18,4
15,22,19,6
15,23,16,4
15,23,17,6
15,23,18,4
15,23,19,6
15,23,20,4
15,24,16,10
15,24,20,10
16,18,17,6
16,18,19,6
16,19,16,6
16,19,17,6
16,19,19,6
16,19,20,6
16,20,16,6
16,20,17,6
16,20,19,6
16,20,20,6
16,21,17,6
16,21,19,6
16,22,18,4
16,23,16,4
16,23,17,6
16,23,18,4
16,23,19,6
16,23,20,4
16,24,16,3
16,24,20,3
17,19,17,6
17,19,19,6
17,20,17,6
17,20,19,6
17,21,18,1
17,22,18,4
17,23,16,4
17,23,17,6
17,23,18,4
17,23,19,6
17,23,20,4
17,24,16,7
17,24,20,8
18,21,18,1
18,22,18,4
18,23,16,4
18,23,17,9
18,23,18,4
18,23,19,9
18,23,20,4
18,24,16,7
18,24,20,8
19,21,18,2
19,22,17,6
19,22,18,4
19,22,19,6
19,23,16,4
19,23,17,9
19,23,18,4
19,23,19,9
19,23,20,4
19,24,15,0
19,24,16,5
19,24,18,11
19,24,20,5
19,24,21,0
20,21,18,4
20,22,17,6
20,22,19,6
20,23,15,2
20,23,16,12
20,23,17,12
20,23,18,4
20,23,19,12
20,23,20,12
20,23,21,2
20,24,15,7
20,24,21,8
21,20,18,1
21,21,18,4
21,22,16,6
21,22,17,6
21,22,19,6
21,22,20,6
21,23,15,4
21,23,16,13
21,23,17,6
21,23,18,4
21,23,19,6
21,23,20,13
21,23,21,4
21,24,15,7
21,24,21,8
22,20,18,1
22,21,18,4
22,22,16,6
22,22,17,6
22,22,18,6
22,22,19,6
22,22,20,6
22,23,15,4
22,23,16,13
22,23,17,6
22,23,18,4
22,23,19,6
22,23,20,13
22,23,21,4
22,24,15,7
22,24,21,8
23,20,18,2
23,21,18,4
23,22,16,6
23,22,17,6
23,22,18,6
23,22,19,6
23,22,20,6
23,23,15,4
23,23,16,13
23,23,17,6
23,23,18,4
23,23,19,6
23,23,20,13
23,23,21,4
23,24,15,3
23,24,21,3
24,20,18,4
24,21,17,6
24,21,18,9
24,21,19,6
24,22,16,6
24,22,17,6
24,22,18,6
24,22,19,6
24,22,20,6
24,23,15,4
24,23,16,13
24,23,17,9
24,23,18,4
24,23,19,9
24,23,20,13
24,23,21,4
24,24,15,5
24,24,21,5
25,20,18,4
25,21,17,6
25,21,18,9
25,21,19,6
25,22,16,6
25,22,17,6
25,22,18,6
25,22,19,6
25,22,20,6
25,23,15,4
25,23,16,13
25,23,17,9
25,23,18,4
25,23,19,9
25,23,20,13
25,23,21,4
25,24,15,7
25,24,18,14
25,24,21,8
25,25,18,14
25,26,18,14
25,27,18,5
26,17,18,14
26,18,18,14
26,19,18,14
26,20,17,6
26,20,18,4
26,20,19,6
26,21,17,6
26,21,18,9
26,21,19,6
26,22,16,6
26,22,17,15
26,22,19,16
26,22,20,6
26,23,15,4
26,23,16,6
26,23,17,6
26,23,18,4
26,23,19,6
26,23,20,6
26,23,21,4
26,24,15,7
26,24,18,17
26,24,21,8
26,25,18,17
26,26,18,14
26,27,18,14
26,28,18,14
26,29,18,14
26,30,18,5
27,15,18,14
27,16,18,14
27,17,18,14
27,18,19,18
27,19,18,1
27,20,17,6
27,20,18,4
27,20,19,6
27,21,16,6
27,21,17,6
27,21,19,6
27,21,20,6
27,22,16,6
27,22,17,19
27,22,19,20
27,22,20,6
27,23,15,4
27,23,16,13
27,23,17,6
27,23,18,4
27,23,19,6
27,23,20,13
27,23,21,4
27,24,14,0
27,24,15,10
27,24,18,21
27,24,21,10
27,24,22,0
27,25,18,17
27,26,18,17
27,27,18,17
27,28,18,17
27,29,18,14
27,30,18,14
27,31,18,14
27,32,18,14
27,33,18,5
28,13,18,14
28,14,18,14
28,15,18,14
28,16,18,17
28,17,19,21
28,18,20,18
28,19,18,2
28,20,8,3
28,20,9,12
28,20,10,12
28,20,11,2
28,20,17,6
28,20,18,4
28,20,19,6
28,20,25,2
28,20,26,12
28,20,27,12
28,20,28,3
28,21,16,6
28,21,17,22
28,21,19,22
28,21,20,6
28,22,11,23
28,22,15,23
28,22,16,6
28,22,20,6
28,22,21,23
28,22,25,23
28,23,14,2
28,23,15,12
28,23,16,12
28,23,17,12
28,23,18,4
28,23,19,12
28,23,20,12
28,23,21,12
28,23,22,2
28,24,14,7
28,24,18,21
28,24,22,8
28,25,18,21
28,25,19,21
28,26,18,21
28,27,18,21
28,28,18,21
28,29,18,17
28,30,18,17
28,31,18,17
28,32,18,14
28,33,18,14
28,34,18,14
28,35,18,14
28,36,18,5
29,11,18,14
29,12,18,14
29,12,19,17
29,13,18,14
29,13,19,17
29,13,20,17
29,14,19,21
29,15,18,17
29,15,19,18
29,16,18,17
29,16,20,18
29,17,19,17
29,17,20,21
29,19,6,24
29,19,7,12
29,19,8,12
29,19,9,25
29,19,10,1
29,19,17,24
29,19,18,4
29,19,19,26
29,19,26,1
29,19,27,25
29,19,28,12
29,19,29,12
29,19,30,26
29,20,7,27
29,20,8,21
29,20,9,27
29,20,10,21
29,20,11,25
29,20,16,6
29,20,18,10
29,20,20,6
29,20,25,25
29,20,26,18
29,20,27,21
29,21,10,21
29,21,11,14
29,21,12,23
29,21,15,23
29,21,16,6
29,21,20,6
29,21,21,23
29,21,24,23
29,21,25,14
29,21,26,21
29,22,11,14
29,22,12,23
29,22,14,23
29,22,15,6
29,22,16,9
29,22,20,9
29,22,21,6
29,22,22,23
29,22,24,23
29,22,25,14
29,23,11,14
29,23,12,23
29,23,14,23
29,23,15,13
29,23,16,6
29,23,17,13
29,23,18,4
29,23,19,13
29,23,20,6
29,23,21,13
29,23,22,23
29,23,24,23
29,23,25,14
29,24,10,1
29,24,11,5
29,24,14,3
29,24,22,3
29,24,25,5
29,24,26,1
29,25,18,21
29,26,18,21
29,26,19,21
29,27,19,21
29,28,19,21
29,29,18,21
29,30,18,18
29,31,18,21
29,32,18,17
29,33,18,17
29,34,18,17
29,35,18,14
29,36,18,14
29,37,18,14
29,38,18,14
29,39,18,5
30,9,18,14
30,10,18,14
30,11,18,14
30,12,19,21
30,13,19,21
30,13,20,17
30,13,21,17
30,14,20,27
30,15,18,17
30,15,19,18
30,15,20,18
30,16,19,17
30,16,20,21
30,19,5,24
30,19,6,12
30,19,7,7
30,19,17,24
30,19,18,4
30,19,19,26
30,19,29,8
30,19,30,12
30,19,31,26
30,20,6,21
30,20,7,21
30,20,8,18
30,20,9,21
30,20,16,6
30,20,20,6
30,20,27,18
30,20,28,21
30,20,29,21
30,20,30,18
30,21,7,21
30,21,8,18
30,21,9,21
30,21,15,6
30,21,21,6
30,21,27,21
30,21,28,21
30,21,29,27
30,22,9,18
30,22,10,18
30,22,11,23
30,22,14,23
30,22,15,6
30,22,21,6
30,22,22,23
30,22,25,23
30,22,26,18
30,22,27,21
30,23,10,21
30,23,14,4
30,23,15,13
30,23,16,6
30,23,17,13
30,23,18,4
30,23,19,13
30,23,20,6
30,23,21,13
30,23,22,4
30,23,26,18
30,24,7,24
30,24,8,12
30,24,9,12
30,24,10,14
30,24,14,7
30,24,19,11
30,24,22,8
30,24,26,14
30,24,27,12
30,24,28,12
30,24,29,26
30,25,8,21
30,25,9,27
30,25,10,14
30,25,11,3
30,25,25,3
30,25,26,14
30,25,27,21
30,25,28,27
30,26,9,21
30,26,10,14
30,26,18,18
30,26,26,14
30,26,27,21
30,27,10,7
30,27,18,21
30,27,26,8
30,28,18,27
30,28,19,18
30,29,19,21
30,30,19,21
30,31,19,18
30,32,18,21
30,32,19,21
30,33,18,27
30,34,18,18
30,35,18,17
30,36,18,17
30,37,18,17
30,38,18,14
30,39,18,14
30,40,18,14
30,41,18,14
30,42,18,5
31,6,18,14
31,6,19,17
31,7,18,14
31,7,19,17
31,7,20,17
31,8,18,14
31,9,18,14
31,10,19,21
31,11,19,21
31,12,19,21
31,12,20,21
31,13,19,21
31,13,20,27
31,13,21,17
31,14,18,17
31,14,19,18
31,14,20,17
31,14,21,17
31,15,18,17
31,15,19,17
31,15,20,21
31,16,19,17
31,19,3,1
31,19,4,24
31,19,5,12
31,19,6,26
31,19,17,24
31,19,18,4
31,19,19,26
31,19,30,24
31,19,31,12
31,19,32,26
31,19,33,1
31,20,4,27
31,20,5,18
31,20,6,18
31,20,16,6
31,20,20,6
31,20,30,21
31,20,31,18
31,20,32,21
31,21,6,21
31,21,15,6
31,21,21,6
31,21,30,21
31,22,7,21
31,22,8,21
31,22,9,18
31,22,14,6
31,22,15,28
31,22,21,28
31,22,22,6
31,22,27,18
31,22,28,21
31,22,29,21
31,23,8,27
31,23,9,21
31,23,14,4
31,23,15,13
31,23,16,6
31,23,17,6
31,23,18,4
31,23,19,6
31,23,20,6
31,23,21,13
31,23,22,4
31,23,27,21
31,23,28,18
31,24,5,24
31,24,6,12
31,24,7,12
31,24,8,26
31,24,14,7
31,24,22,8
31,24,28,24
31,24,29,12
31,24,30,12
31,24,31,26
31,25,6,27
31,25,7,21
31,25,8,21
31,25,28,27
31,25,29,21
31,25,30,27
31,26,7,18
31,26,8,21
31,26,28,18
31,26,29,18
31,27,8,21
31,27,9,14
31,27,27,14
31,27,28,27
31,28,9,14
31,28,18,21
31,28,27,14
31,29,9,7
31,29,18,27
31,29,19,21
31,29,27,8
31,30,19,27
31,31,19,27
31,32,19,17
31,33,19,21
31,34,19,27
31,35,18,21
31,35,19,27
31,36,18,21
31,37,18,21
31,38,18,17
31,39,18,17
31,40,18,17
31,41,18,14
31,42,18,14
31,43,18,14
31,44,18,14
31,45,18,5
32,3,18,4
32,4,18,14
32,5,18,14
32,6,18,14
32,6,19,21
32,7,19,18
32,7,20,17
32,8,19,21
32,8,20,17
32,9,18,17
32,9,19,21
32,9,20,21
32,10,20,21
32,11,20,18
32,12,20,21
32,13,19,21
32,14,19,17
32,14,20,17
32,15,19,17
32,15,20,17
32,19,17,24
32,19,18,4
32,19,19,26
32,20,2,17
32,20,3,21
32,20,16,6
32,20,18,11
32,20,20,6
32,20,31,21
32,20,32,21
32,20,33,18
32,20,34,17
32,21,2,17
32,21,3,17
32,21,4,21
32,21,5,21
32,21,15,6
32,21,21,6
32,21,31,21
32,21,32,21
32,21,33,17
32,21,34,17
32,22,4,27
32,22,6,21
32,22,7,18
32,22,14,6
32,22,15,0
32,22,21,0
32,22,22,6
32,22,29,18
32,22,30,21
32,23,6,21
32,23,7,21
32,23,14,4
32,23,15,13
32,23,16,13
32,23,17,6
32,23,18,4
32,23,19,6
32,23,20,13
32,23,21,13
32,23,22,4
32,23,29,21
32,24,4,21
32,24,5,18
32,24,6,21
32,24,14,7
32,24,22,8
32,24,30,21
32,24,31,21
32,24,32,21
32,25,4,24
32,25,5,12
32,25,6,12
32,25,7,3
32,25,29,3
32,25,30,12
32,25,31,12
32,25,32,26
32,26,6,21
32,26,7,27
32,26,8,21
32,26,28,21
32,26,29,27
32,26,30,21
32,27,7,21
32,27,8,27
32,27,28,27
32,27,29,21
32,28,8,21
32,28,28,21
32,29,8,12
32,29,18,21
32,29,28,12
32,30,8,14
32,30,18,18
32,30,28,14
32,31,8,5
32,31,18,21
32,31,28,5
32,32,19,21
32,33,19,27
32,33,20,21
32,34,20,18
32,35,19,21
32,36,19,21
32,37,18,18
32,37,19,21
32,38,18,21
32,39,18,18
32,40,18,21
32,41,18,17
32,42,18,17
32,43,18,17
32,44,18,14
32,45,18,14
32,46,18,14
32,47,18,5
33,2,18,4
33,3,18,4
33,4,19,21
33,5,19,27
33,6,19,17
33,6,20,21
33,7,18,17
33,7,19,17
33,7,20,21
33,8,18,17
33,8,20,27
33,8,21,17
33,9,18,17
33,9,20,21
33,9,21,17
33,10,18,17
33,10,19,17
33,10,20,27
33,11,19,27
33,11,20,18
33,12,19,27
33,15,20,17
33,19,17,24
33,19,18,4
33,19,19,26
33,20,16,6
33,20,20,6
33,21,3,17
33,21,15,6
33,21,21,6
33,21,33,17
33,22,2,17
33,22,3,17
33,22,4,18
33,22,5,21
33,22,14,6
33,22,15,28
33,22,21,28
33,22,22,6
33,22,30,18
33,22,31,21
33,22,32,18
33,22,33,17
33,22,34,17
33,23,1,17
33,23,2,17
33,23,3,21
33,23,4,18
33,23,5,21
33,23,14,4
33,23,15,6
33,23,16,6
33,23,17,6
33,23,18,4
33,23,19,6
33,23,20,6
33,23,21,6
33,23,22,4
33,23,30,18
33,23,31,21
33,23,32,21
33,23,33,21
33,23,34,17
33,23,35,17
33,24,1,17
33,24,2,21
33,24,3,18
33,24,14,3
33,24,22,3
33,24,33,27
33,24,34,21
33,24,35,17
33,25,1,17
33,25,2,1
33,25,3,24
33,25,4,12
33,25,5,1
33,25,31,1
33,25,32,12
33,25,33,26
33,25,34,1
33,25,35,17
33,26,1,17
33,26,2,17
33,26,3,18
33,26,4,18
33,26,5,18
33,26,30,21
33,26,31,21
33,26,32,18
33,26,33,18
33,26,34,17
33,26,35,17
33,27,6,18
33,27,7,21
33,27,8,21
33,27,28,21
33,27,29,18
33,27,30,21
33,28,7,21
33,28,8,21
33,28,28,27
33,28,29,27
33,29,7,18
33,29,8,1
33,29,28,1
33,29,29,18
33,30,6,8
33,30,7,12
33,30,8,7
33,30,28,8
33,30,29,12
33,30,30,7
33,31,7,14
33,31,18,21
33,31,29,14
33,32,7,3
33,32,18,21
33,32,29,3
33,33,19,21
33,34,19,18
33,35,20,18
33,36,20,21
33,37,20,21
33,38,19,21
33,39,19,27
33,40,18,21
33,41,18,18
33,42,18,18
33,43,18,21
33,44,18,17
33,45,18,17
33,46,18,14
33,47,18,14
33,48,18,5
34,2,18,4
34,3,19,18
34,4,19,21
34,5,19,17
34,5,20,21
34,6,19,17
34,6,20,18
34,7,20,21
34,8,20,21
34,9,18,17
34,9,19,21
34,9,20,17
34,9,21,17
34,10,18,17
34,10,19,21
34,10,20,17
34,11,18,17
34,11,19,17
34,15,20,17
34,16,20,17
34,19,17,24
34,19,18,4
34,19,19,26
34,20,16,6
34,20,20,6
34,21,15,6
34,21,21,6
34,22,14,6
34,22,15,0
34,22,21,0
34,22,22,6
34,23,14,4
34,23,15,13
34,23,16,6
34,23,17,13
34,23,18,4
34,23,19,13
34,23,20,6
34,23,21,13
34,23,22,4
34,24,14,7
34,24,17,5
34,24,19,5
34,24,22,8
34,26,1,17
34,26,35,17
34,27,1,17
34,27,2,21
34,27,3,21
34,27,4,21
34,27,5,18
34,27,6,21
34,27,17,1
34,27,18,2
34,27,19,1
34,27,30,21
34,27,31,21
34,27,32,18
34,27,33,21
34,27,34,18
34,27,35,17
34,28,2,17
34,28,3,21
34,28,6,18
34,28,7,18
34,28,17,5
34,28,18,29
34,28,19,5
34,28,29,21
34,28,30,18
34,28,31,27
34,28,33,18
34,28,34,17
34,29,5,21
34,29,6,21
34,29,7,21
34,29,29,21
34,29,30,21
34,29,31,18
34,29,33,21
34,30,5,1
34,30,6,12
34,30,7,26
34,30,29,24
34,30,30,12
34,30,31,1
34,31,5,27
34,31,6,21
34,31,30,18
34,31,31,21
34,32,6,14
34,32,7,7
34,32,18,21
34,32,29,8
34,32,30,14
34,33,6,14
34,33,18,21
34,33,30,14
34,34,5,14
34,34,6,7
34,34,19,18
34,34,30,8
34,34,31,14
34,35,5,14
34,35,19,27
34,35,31,14
34,36,5,3
34,36,20,21
34,36,31,3
34,37,20,18
34,38,20,21
34,39,20,21
34,40,19,21
34,41,19,18
34,42,19,27
34,43,18,21
34,44,18,21
34,45,18,21
34,46,18,17
34,47,18,17
34,48,18,4
35,1,18,14
35,2,19,21
35,3,19,21
35,3,20,21
35,4,20,18
35,5,19,21
35,5,20,21
35,6,20,21
35,7,19,18
35,7,20,27
35,8,19,18
35,8,20,17
35,9,19,17
35,10,19,17
35,10,20,17
35,16,19,17
35,16,20,17
35,19,16,12
35,19,17,12
35,19,18,4
35,19,19,12
35,19,20,12
35,20,15,14
35,20,16,6
35,20,20,6
35,20,21,14
35,21,15,14
35,21,21,14
35,22,14,14
35,22,15,28
35,22,21,28
35,22,22,14
35,23,14,4
35,23,15,13
35,23,16,6
35,23,17,13
35,23,18,25
35,23,19,13
35,23,20,6
35,23,21,13
35,23,22,4
35,24,14,7
35,24,17,1
35,24,19,1
35,24,22,8
35,25,17,5
35,25,19,5
35,26,18,30
35,27,1,17
35,27,18,10
35,27,35,17
35,28,1,17
35,28,4,21
35,28,5,21
35,28,17,31
35,28,19,32
35,28,31,18
35,28,32,21
35,28,34,21
35,28,35,17
35,29,1,17
35,29,2,21
35,29,3,18
35,29,4,21
35,29,32,27
35,29,34,18
35,29,35,17
35,30,2,1
35,30,3,24
35,30,4,12
35,30,5,12
35,30,6,26
35,30,30,24
35,30,31,12
35,30,32,12
35,30,33,26
35,30,34,1
35,31,1,17
35,31,2,18
35,31,3,27
35,31,4,21
35,31,32,18
35,31,33,18
35,31,34,21
35,31,35,17
35,32,1,17
35,32,2,27
35,32,3,27
35,32,4,18
35,32,5,21
35,32,18,21
35,32,31,18
35,32,32,27
35,32,33,21
35,32,35,17
35,33,1,21
35,33,5,27
35,33,18,21
35,33,31,27
35,33,32,27
35,33,33,27
35,34,0,17
35,34,1,17
35,34,4,21
35,34,18,27
35,34,19,21
35,34,32,21
35,34,33,21
35,34,34,18
35,34,35,17
35,34,36,17
35,35,0,17
35,35,1,21
35,35,3,18
35,35,4,14
35,35,19,21
35,35,32,14
35,35,33,18
35,35,35,27
35,35,36,17
35,36,0,17
35,36,1,27
35,36,3,24
35,36,4,14
35,36,20,21
35,36,32,14
35,36,33,26
35,36,35,18
35,36,36,17
35,37,1,17
35,37,2,21
35,37,3,14
35,37,4,3
35,37,20,27
35,37,32,3
35,37,33,14
35,37,34,21
35,37,35,17
35,38,1,17
35,38,2,17
35,38,3,14
35,38,20,17
35,38,33,14
35,38,34,17
35,38,35,17
35,39,1,17
35,39,3,7
35,39,20,21
35,39,33,8
35,39,35,17
35,40,1,17
35,40,20,21
35,40,35,17
35,41,20,27
35,42,19,21
35,43,19,27
35,44,19,18
35,45,18,21
35,46,18,27
35,47,18,17
35,48,18,4
36,1,19,21
36,2,18,17
36,2,19,17
36,2,20,17
36,3,19,18
36,3,20,17
36,3,21,17
36,4,18,17
36,4,20,21
36,5,18,17
36,5,19,21
36,6,19,18
36,16,19,17
36,17,19,17
36,19,17,24
36,19,18,4
36,19,19,26
36,20,16,6
36,20,18,5
36,20,20,6
36,21,15,6
36,21,21,6
36,22,14,6
36,22,15,0
36,22,21,0
36,22,22,6
36,23,14,12
36,23,15,12
36,23,16,12
36,23,17,12
36,23,19,12
36,23,20,12
36,23,21,12
36,23,22,12
36,24,14,14
36,24,16,14
36,24,17,13
36,24,18,9
36,24,19,13
36,24,20,14
36,24,22,14
36,25,14,14
36,25,16,14
36,25,17,13
36,25,18,9
36,25,19,13
36,25,20,14
36,25,22,14
36,26,14,14
36,26,15,2
36,26,16,7
36,26,17,3
36,26,18,30
36,26,19,3
36,26,20,8
36,26,21,2
36,26,22,14
36,27,14,7
36,27,22,8
36,29,1,17
36,29,35,17
36,30,1,17
36,30,35,17
36,31,1,17
36,31,35,17
36,32,1,18
36,32,2,21
36,32,3,21
36,32,33,21
36,32,34,21
36,32,35,27
36,33,1,17
36,33,2,18
36,33,3,21
36,33,4,18
36,33,18,21
36,33,32,21
36,33,33,18
36,33,34,18
36,33,35,17
36,34,1,21
36,34,2,21
36,34,3,18
36,34,18,21
36,34,33,21
36,34,34,21
36,34,35,18
36,35,1,27
36,35,2,18
36,35,19,21
36,35,34,21
36,36,2,21
36,36,3,21
36,36,19,21
36,36,33,18
36,36,34,21
36,37,1,18
36,37,2,27
36,37,20,18
36,37,35,18
36,38,1,21
36,38,3,17
36,38,20,27
36,38,33,17
36,38,34,21
36,38,35,21
36,39,1,21
36,39,2,17
36,39,3,17
36,39,20,17
36,39,33,17
36,39,34,17
36,39,35,18
36,40,1,21
36,40,20,27
36,40,35,21
36,41,20,21
36,42,20,21
36,43,19,18
36,43,20,18
36,44,19,21
36,45,18,21
36,45,19,18
36,46,18,18
36,47,18,17
36,48,18,4
37,0,19,18
37,1,20,21
37,2,18,17
37,2,19,21
37,3,18,17
37,3,19,17
37,3,20,21
37,3,21,17
37,4,18,17
37,4,19,27
37,4,20,17
37,4,21,17
37,5,19,17
37,5,20,17
37,17,18,17
37,17,19,17
37,19,17,24
37,19,18,4
37,19,19,26
37,20,16,6
37,20,18,25
37,20,20,6
37,21,15,6
37,21,18,5
37,21,21,6
37,22,14,6
37,22,15,28
37,22,21,28
37,22,22,6
37,23,14,4
37,23,15,6
37,23,16,13
37,23,17,13
37,23,19,13
37,23,20,13
37,23,21,6
37,23,22,4
37,24,14,13
37,24,22,13
37,25,14,23
37,25,22,23
37,26,14,3
37,26,15,13
37,26,16,3
37,26,17,3
37,26,18,10
37,26,19,3
37,26,20,3
37,26,21,13
37,26,22,3
37,34,18,21
37,35,18,21
37,35,19,21
37,36,18,27
37,36,19,18
37,37,19,21
37,38,19,18
37,38,20,21
37,39,19,27
37,39,20,21
37,40,20,18
37,41,20,21
37,42,20,18
37,43,20,27
37,44,19,21
37,45,19,21
37,46,18,21
37,47,18,17
37,48,18,4
37,49,18,5
38,1,19,21
38,2,19,27
38,2,20,18
38,3,19,18
38,4,19,17
38,4,20,17
38,17,18,17
38,18,18,17
38,19,17,24
38,19,18,4
38,19,19,26
38,20,16,6
38,20,20,6
38,21,15,6
38,21,18,25
38,21,21,6
38,22,14,6
38,22,15,0
38,22,18,5
38,22,21,0
38,22,22,6
38,23,14,4
38,23,15,6
38,23,16,6
38,23,17,13
38,23,19,13
38,23,20,6
38,23,21,6
38,23,22,4
38,24,14,13
38,24,22,13
38,25,14,13
38,25,22,13
38,26,14,3
38,26,15,13
38,26,16,3
38,26,17,3
38,26,18,3
38,26,19,3
38,26,20,3
38,26,21,13
38,26,22,3
38,35,18,21
38,36,18,18
38,37,18,18
38,37,19,21
38,38,19,18
38,39,19,21
38,40,20,21
38,41,20,27
38,42,20,18
38,43,20,18
38,44,20,21
38,45,19,21
38,46,18,21
38,47,18,18
38,48,18,17
38,49,18,4
39,2,19,21
39,18,15,1
39,18,18,17
39,18,21,1
39,19,15,24
39,19,17,24
39,19,18,4
39,19,19,26
39,19,21,26
39,20,15,1
39,20,16,6
39,20,20,6
39,20,21,1
39,21,15,14
39,21,21,14
39,22,14,25
39,22,15,14
39,22,18,25
39,22,21,14
39,22,22,25
39,23,14,10
39,23,15,4
39,23,16,6
39,23,17,6
39,23,18,5
39,23,19,6
39,23,20,6
39,23,21,4
39,23,22,10
39,24,15,14
39,24,21,14
39,25,15,14
39,25,21,14
39,26,15,14
39,26,16,5
39,26,17,5
39,26,18,5
39,26,19,5
39,26,20,5
39,26,21,14
39,27,15,7
39,27,21,8
39,35,18,18
39,36,18,21
39,37,18,18
39,38,18,18
39,39,18,21
39,40,19,21
39,41,19,21
39,41,20,21
39,42,20,27
39,43,20,17
39,44,20,18
39,45,19,21
39,46,18,21
39,46,19,21
39,47,18,18
39,48,18,17
39,49,18,4
40,19,17,24
40,19,18,1
40,19,19,26
40,20,17,6
40,20,18,14
40,20,19,6
40,21,16,6
40,21,17,6
40,21,18,14
40,21,19,6
40,21,20,6
40,22,16,6
40,22,20,6
40,23,15,4
40,23,16,6
40,23,17,9
40,23,18,4
40,23,19,9
40,23,20,6
40,23,21,4
40,24,15,23
40,24,18,33
40,24,19,22
40,24,21,23
40,25,15,23
40,25,19,34
40,25,21,23
40,26,15,13
40,26,16,10
40,26,17,12
40,26,18,12
40,26,19,12
40,26,20,10
40,26,21,13
40,27,16,3
40,27,17,3
40,27,19,3
40,27,20,3
40,37,18,18
40,38,18,18
40,39,18,18
40,40,18,18
40,40,19,18
40,41,19,21
40,42,19,21
40,42,20,21
40,43,19,21
40,43,20,18
40,44,20,21
40,45,20,18
40,46,19,18
40,47,18,21
40,47,19,18
40,48,18,17
40,49,18,4
40,50,18,3
41,19,17,25
41,19,19,25
41,21,18,25
41,22,17,6
41,22,18,14
41,22,19,6
41,23,15,24
41,23,16,12
41,23,17,12
41,23,18,14
41,23,19,12
41,23,20,12
41,23,21,25
41,24,15,14
41,24,16,13
41,24,17,13
41,24,18,5
41,24,19,13
41,24,20,13
41,24,21,14
41,25,15,14
41,25,16,13
41,25,17,13
41,25,18,2
41,25,19,13
41,25,20,13
41,25,21,14
41,26,15,10
41,26,16,3
41,26,17,10
41,26,18,10
41,26,19,10
41,26,20,3
41,26,21,10
41,39,18,21
41,40,18,21
41,41,18,21
41,41,19,21
41,42,19,21
41,43,19,21
41,44,19,18
41,45,20,18
41,46,20,27
41,47,18,21
41,47,19,18
41,48,18,17
41,49,18,4
41,50,18,3
42,19,17,1
42,19,19,1
42,23,18,25
42,24,18,14
42,25,18,14
42,26,18,3
42,41,18,21
42,42,18,21
42,43,18,21
42,44,19,21
42,45,19,27
42,45,20,21
42,46,20,21
42,47,18,21
42,47,19,21
42,48,18,17
42,49,18,4
42,50,18,3
43,25,18,25
43,26,18,14
43,27,18,14
43,28,18,3
43,43,18,18
43,44,18,18
43,44,19,21
43,45,19,21
43,46,19,18
43,47,18,18
43,47,19,21
43,48,18,17
43,49,18,4
43,50,18,3
44,24,18,14
44,25,18,10
44,26,18,25
44,27,18,4
44,28,18,3
44,44,18,21
44,45,18,27
44,46,19,21
44,47,18,21
44,48,18,17
44,49,18,4
44,50,18,3
45,22,18,14
45,23,18,14
45,24,18,10
45,25,18,17
45,26,18,17
45,27,18,4
45,28,18,5
45,45,18,21
45,46,19,21
45,47,18,18
45,48,18,17
45,49,18,4
45,50,18,3
46,20,18,14
46,21,18,14
46,22,18,10
46,23,18,17
46,24,18,17
46,25,18,21
46,26,18,27
46,27,18,25
46,28,18,4
46,46,18,18
46,47,18,18
46,48,18,17
46,49,18,4
46,50,18,3
47,16,18,1
47,17,18,2
47,18,18,14
47,19,18,14
47,20,18,10
47,21,18,17
47,22,18,17
47,23,18,18
47,24,18,21
47,25,18,21
47,26,18,18
47,27,18,17
47,28,18,4
47,29,18,5
47,47,18,21
47,48,18,17
47,49,18,4
47,50,18,3
48,16,18,1
48,17,18,21
48,18,18,17
48,19,18,17
48,20,18,17
48,21,18,21
48,22,18,21
48,23,19,21
48,24,19,27
48,25,19,18
48,26,18,21
48,27,18,17
48,28,18,25
48,29,18,4
48,47,18,21
48,48,18,17
48,49,18,4
48,50,18,3
49,17,18,21
49,18,18,21
49,19,18,18
49,20,18,21
49,21,18,27
49,21,19,18
49,22,19,21
49,23,19,21
49,24,20,21
49,25,19,21
49,26,19,21
49,27,18,21
49,28,18,17
49,29,18,4
49,30,18,5
49,49,18,25
49,50,18,3
50,18,18,21
50,19,18,27
50,19,19,18
50,20,19,21
50,21,19,21
50,21,20,21
50,22,19,21
50,22,20,21
50,23,20,21
50,24,20,27
50,25,20,18
50,26,19,18
50,27,18,21
50,28,18,17
50,29,18,25
50,30,18,4
50,49,18,1
51,19,18,18
51,20,18,21
51,21,18,18
51,21,19,18
51,22,19,18
51,22,20,21
51,23,20,27
51,24,20,17
51,25,20,18
51,26,19,18
51,26,20,18
51,27,19,21
51,28,18,18
51,29,18,17
51,30,18,4
51,49,18,1
52,21,18,21
52,22,18,18
52,23,19,21
52,24,20,21
52,25,20,21
52,26,20,21
52,27,19,21
52,28,18,21
52,29,18,17
52,30,18,4
53,22,18,21
53,23,18,27
53,23,19,18
53,24,19,27
53,25,20,21
53,26,20,21
53,27,19,21
53,28,18,21
53,29,18,17
53,30,18,4
53,31,18,5
54,23,18,21
54,24,18,21
54,25,19,21
54,26,20,18
54,27,19,18
54,28,18,21
54,29,18,17
54,30,18,25
54,31,18,4
55,23,18,21
55,24,18,27
55,25,19,21
55,26,20,21
55,27,19,21
55,27,20,27
55,28,19,27
55,29,18,21
55,30,18,17
55,31,18,4
55,32,18,5
56,24,18,21
56,25,19,21
56,26,20,21
56,27,20,21
56,28,19,21
56,29,18,21
56,30,18,17
56,31,18,25
56,32,18,4
57,24,18,21
57,25,19,21
57,26,20,21
57,27,20,18
57,28,19,21
57,28,20,21
57,29,19,27
57,30,18,21
57,31,18,17
57,32,18,4
58,24,18,21
58,25,19,21
58,26,20,21
58,27,20,21
58,28,20,21
58,29,19,21
58,30,18,21
58,31,18,17
58,32,18,4
59,23,18,18
59,24,18,18
59,25,19,21
59,26,20,21
59,27,20,27
59,28,20,18
59,29,19,21
59,30,18,21
59,31,18,17
59,32,18,4
59,33,18,5
60,23,18,18
60,24,19,21
60,25,19,21
60,26,19,27
60,26,20,18
60,27,20,21
60,28,20,21
60,29,19,21
60,30,18,21
60,31,18,17
60,32,18,25
60,33,18,4
61,22,18,21
61,23,19,21
61,24,19,21
61,25,19,27
61,25,20,18
61,26,20,17
61,27,20,18
61,28,20,21
61,29,19,21
61,30,18,18
61,31,18,27
61,32,18,17
61,33,18,4
62,22,18,21
62,23,19,18
62,24,20,21
62,25,20,27
62,26,20,21
62,27,20,17
62,28,20,18
62,29,19,21
62,30,19,18
62,31,18,18
62,32,18,17
62,33,18,4
62,34,18,5
63,21,18,18
63,22,18,21
63,23,19,21
63,24,20,21
63,25,20,27
63,26,20,21
63,27,20,21
63,28,20,18
63,29,20,18
63,30,19,21
63,31,18,21
63,32,18,17
63,33,18,25
63,34,18,4
64,21,18,21
64,22,18,27
64,22,19,18
64,23,19,21
64,24,20,21
64,25,20,21
64,26,20,18
64,27,20,21
64,28,20,21
64,29,20,21
64,30,19,18
64,31,19,27
64,32,18,21
64,33,18,17
64,34,18,4
64,35,18,3
65,20,18,21
65,21,18,21
65,22,19,18
65,23,19,27
65,23,20,18
65,24,20,21
65,25,20,21
65,26,20,21
65,27,20,21
65,28,20,27
65,29,20,17
65,30,20,21
65,31,19,21
65,32,18,21
65,33,18,17
65,34,18,4
65,35,18,3
66,20,18,21
66,21,18,27
66,22,18,21
66,22,19,18
66,23,18,27
66,23,19,21
66,24,19,18
66,25,19,21
66,26,19,21
66,27,19,21
66,28,19,18
66,28,20,21
66,29,20,27
66,30,20,21
66,31,19,18
66,32,18,21
66,33,18,17
66,34,18,4
66,35,18,3
67,19,18,21
67,20,18,27
67,21,18,17
67,22,18,21
67,23,18,18
67,24,18,21
67,25,18,21
67,26,18,21
67,27,18,27
67,27,19,21
67,28,19,18
67,29,19,18
67,30,20,21
67,31,19,18
67,32,18,21
67,33,18,17
67,34,18,25
67,35,18,3
68,19,18,18
68,20,18,21
68,20,19,21
68,21,18,21
68,22,18,21
68,26,18,21
68,27,18,21
68,28,18,18
68,29,19,18
68,30,19,21
68,31,19,27
68,31,20,21
68,32,18,21
68,32,19,21
68,33,18,27
68,34,18,1
68,35,18,3
69,20,18,18
69,28,18,21
69,29,18,21
69,30,18,18
69,31,19,21
69,32,19,18
69,33,18,21
69,34,18,1
69,35,18,3
70,30,18,21
70,31,18,27
70,32,18,21
70,33,18,21
70,34,18,2
71,32,18,1
71,33,18,2
71,34,18,10
26,22,18,35
