437
0,9,15,0
0,9,16,0
0,9,17,0
0,10,12,0
0,10,15,0
0,10,17,0
1,8,13,0
1,9,10,0
1,9,12,0
1,9,13,0
1,9,16,0
1,9,19,0
1,10,9,0
1,10,10,0
1,10,12,0
1,10,14,0
1,10,15,0
1,10,16,0
1,10,17,0
1,10,19,0
2,9,9,0
2,9,20,0
2,9,22,0
2,10,9,0
2,10,10,0
2,10,11,0
2,10,12,0
2,10,17,0
2,10,19,0
2,10,22,0
3,9,6,0
3,10,4,0
3,10,9,0
3,10,10,0
3,10,20,0
3,10,22,0
3,10,23,0
4,8,6,0
4,9,5,0
4,9,6,0
4,9,23,0
4,9,26,0
4,10,4,0
4,10,5,0
4,10,6,0
4,10,7,0
4,10,22,0
4,10,23,0
4,10,24,0
4,10,26,0
5,9,24,0
5,10,5,0
5,10,6,0
5,10,24,0
5,10,25,0
5,10,26,0
6,10,4,0
6,10,26,0
6,10,27,0
6,10,29,0
7,9,2,0
7,9,29,0
7,10,2,0
7,10,27,0
7,10,29,0
7,10,30,0
8,10,1,0
8,10,2,0
8,10,3,0
8,10,29,0
8,10,30,0
9,3,14,0
9,3,15,0
9,3,16,0
9,9,2,0
9,9,31,0
9,10,2,0
9,10,31,0
9,10,32,0
10,2,14,0
10,2,15,0
10,2,16,0
10,2,17,0
10,3,12,0
10,3,13,0
10,3,14,0
10,10,31,0
11,1,15,0
11,1,16,0
11,1,17,0
11,2,13,0
11,2,14,0
11,2,16,0
11,2,17,0
11,2,18,0
11,3,12,0
11,10,1,0
11,10,2,0
11,10,31,0
11,10,32,0
12,0,16,0
12,1,14,0
12,1,15,0
12,1,16,0
12,1,17,0
12,1,18,0
12,2,13,0
12,2,18,0
12,2,19,0
12,2,20,0
12,3,12,0
12,3,13,1
12,9,1,0
12,9,32,0
12,10,1,0
12,10,32,0
13,0,15,0
13,0,16,0
13,0,17,0
13,1,14,0
13,1,15,0
13,1,16,1
13,1,17,0
13,1,18,0
13,1,19,0
13,2,13,0
13,2,14,2
13,2,15,1
13,2,16,3
13,2,17,1
13,2,18,2
13,2,20,0
13,3,12,0
13,3,16,1
13,10,32,0
13,10,33,0
14,0,15,0
14,0,16,0
14,0,17,0
14,0,18,0
14,1,15,0
14,1,16,1
14,1,17,1
14,1,18,0
14,1,19,0
14,2,14,0
14,2,15,1
14,2,16,3
14,2,17,3
14,2,20,0
14,3,12,0
14,3,13,0
14,3,15,1
14,3,16,3
14,3,17,3
14,3,20,1
14,10,0,0
14,10,1,0
15,0,15,0
15,0,16,0
15,0,17,0
15,1,14,0
15,1,15,0
15,1,16,3
15,1,17,0
15,1,18,0
15,1,19,0
15,2,13,0
15,2,16,1
15,2,17,2
15,2,20,0
15,3,12,0
15,3,21,0
15,4,11,0
15,4,12,0
15,9,32,0
15,10,32,0
16,1,15,0
16,1,16,0
16,1,17,0
16,1,18,0
16,2,14,0
16,2,19,0
16,2,20,0
16,3,12,0
16,3,13,0
16,3,21,0
16,4,11,0
16,9,1,0
16,10,0,0
16,10,1,0
16,10,32,0
16,10,33,0
17,1,17,0
17,1,18,0
17,2,14,0
17,2,15,0
17,2,16,0
17,2,18,1
17,2,19,0
17,3,12,0
17,3,13,0
17,3,19,1
17,3,20,0
17,3,21,0
17,4,10,0
17,4,11,0
17,5,11,0
17,9,1,0
17,10,1,0
18,2,16,0
18,2,17,0
18,2,18,0
18,3,13,0
18,3,14,0
18,3,15,0
18,3,19,0
18,3,20,0
18,4,11,0
18,4,12,0
18,4,21,0
18,5,11,0
18,9,0,0
18,10,0,0
18,10,1,0
18,10,32,0
19,3,14,0
19,3,15,0
19,3,16,0
19,3,17,0
19,3,18,0
19,3,19,0
19,4,12,0
19,4,13,0
19,4,19,0
19,4,20,0
19,5,12,0
19,5,20,0
19,6,11,0
19,9,32,0
19,10,1,0
19,10,31,0
19,10,32,0
19,10,33,0
20,3,16,0
20,3,17,0
20,4,13,0
20,4,14,0
20,4,18,0
20,4,19,0
20,4,20,0
20,5,11,0
20,5,12,0
20,5,19,0
20,5,20,0
20,6,10,0
20,6,11,0
20,6,20,0
20,7,9,0
20,7,10,0
20,8,9,0
20,9,31,0
20,10,31,0
21,4,17,0
21,4,18,0
21,4,19,0
21,5,12,0
21,5,13,0
21,5,18,0
21,5,19,0
21,5,20,0
21,6,11,0
21,6,19,0
21,6,20,0
21,6,21,0
21,7,10,0
21,7,11,0
21,7,20,0
21,7,21,0
21,8,9,0
21,8,10,0
21,9,1,0
21,9,8,0
21,10,1,0
21,10,7,0
22,4,14,0
22,4,16,0
22,6,12,0
22,6,20,0
22,7,10,0
22,7,11,0
22,7,20,0
22,7,21,0
22,7,22,0
22,8,9,0
22,8,10,0
22,8,21,0
22,8,22,0
22,9,2,0
22,9,7,0
22,9,8,0
22,9,9,0
22,9,23,0
22,10,1,0
22,10,2,0
22,10,3,0
22,10,7,0
22,10,8,0
22,10,30,0
22,11,6,0
23,5,15,0
23,5,17,0
23,5,19,0
23,7,13,0
23,7,19,0
23,7,21,0
23,8,10,0
23,8,21,0
23,8,22,0
23,9,8,0
23,9,22,0
23,9,30,0
23,10,6,0
23,10,7,0
23,10,8,0
23,10,23,0
23,10,29,0
23,10,30,0
23,11,6,0
23,11,7,0
23,12,5,0
23,12,6,0
24,6,13,0
24,6,19,0
24,7,12,0
24,7,13,0
24,7,14,0
24,7,18,0
24,7,19,0
24,8,12,0
24,8,13,0
24,8,19,0
24,8,20,0
24,9,2,0
24,9,21,0
24,9,23,0
24,10,2,0
24,10,3,0
24,10,22,0
24,10,23,0
24,11,7,0
24,11,24,0
24,12,6,0
24,13,5,0
25,5,13,0
25,5,15,0
25,6,16,0
25,6,17,0
25,7,18,0
25,7,19,0
25,8,19,0
25,9,29,0
25,10,2,0
25,10,4,0
25,10,24,0
25,10,28,0
25,10,29,0
25,10,30,0
25,11,23,0
25,11,24,0
25,12,24,0
25,14,4,0
26,6,14,0
26,6,17,0
26,7,15,0
26,7,16,0
26,7,17,0
26,8,13,0
26,8,14,0
26,8,18,0
26,8,19,0
26,9,3,0
26,9,28,0
26,9,29,0
26,10,3,0
26,10,4,0
26,10,28,0
26,13,25,0
27,6,16,0
27,7,15,0
27,7,16,0
27,8,15,0
27,8,16,0
27,8,18,0
27,9,4,0
27,10,3,0
27,10,4,0
28,8,15,0
28,10,6,0
29,8,16,0
29,8,17,0
29,9,5,0
29,9,26,0
29,10,5,0
29,10,6,0
29,10,26,0
30,8,24,0
30,9,7,0
30,9,24,0
30,10,6,0
30,10,7,0
30,10,9,0
30,10,22,0
30,10,23,0
30,10,24,0
30,10,25,0
31,9,12,0
31,10,7,0
31,10,12,0
31,10,21,0
31,10,22,0
31,10,23,0
32,9,13,0
32,9,18,0
32,9,20,0
32,10,12,0
32,10,13,0
32,10,14,0
32,10,17,0
32,10,18,0
32,10,20,0
32,10,22,0
33,9,18,0
33,9,19,0
33,10,12,0
33,10,14,0
33,10,15,0
