3622
0,7,29,0
0,8,29,0
0,9,29,0
0,10,29,1
1,4,11,0
1,5,11,0
1,5,29,0
1,6,11,0
1,6,29,0
1,7,11,0
1,7,29,0
1,8,11,0
1,8,12,0
1,9,12,0
1,10,12,0
1,11,12,1
1,12,31,0
1,13,9,0
1,13,31,0
1,14,9,0
1,14,30,0
1,14,31,0
1,15,9,1
1,15,30,0
1,16,30,1
2,0,10,2
2,0,11,3
2,0,12,2
2,0,13,3
2,0,14,2
2,0,15,3
2,0,16,2
2,0,17,3
2,0,18,3
2,0,19,2
2,0,20,3
2,0,21,3
2,0,22,3
2,0,23,2
2,0,24,2
2,0,25,3
2,0,26,2
2,0,27,3
2,4,11,0
2,5,12,0
2,5,28,0
2,5,29,0
2,6,9,0
2,6,12,0
2,6,28,0
2,6,30,0
2,7,9,0
2,7,12,1
2,7,14,0
2,7,28,0
2,8,8,0
2,8,9,0
2,8,14,0
2,8,27,0
2,8,28,0
2,9,8,0
2,9,14,1
2,9,27,0
2,10,8,0
2,10,27,1
2,10,31,0
2,11,8,0
2,11,10,0
2,11,31,0
2,12,10,0
2,12,14,0
2,12,31,0
2,13,9,0
2,13,10,0
2,13,14,0
2,14,14,0
2,15,14,0
2,16,14,1
2,18,9,0
2,19,9,0
3,0,6,2
3,0,7,3
3,0,8,3
3,0,9,2
3,0,10,2
3,0,11,3
3,0,12,2
3,0,13,3
3,0,14,2
3,0,15,3
3,0,16,2
3,0,17,2
3,0,18,3
3,0,19,3
3,0,20,2
3,0,21,3
3,0,22,3
3,0,23,3
3,0,24,2
3,0,25,2
3,0,26,2
3,0,27,2
3,0,28,2
3,0,29,3
3,1,11,0
3,2,11,0
3,3,11,0
3,3,29,1
3,4,9,0
3,4,10,0
3,4,11,0
3,4,12,0
3,5,10,0
3,5,12,0
3,5,13,0
3,5,14,0
3,5,29,0
3,5,30,0
3,6,9,0
3,6,10,0
3,6,14,0
3,6,30,0
3,7,14,0
3,7,15,0
3,8,9,1
3,8,15,0
3,8,28,0
3,8,31,0
3,9,10,0
3,9,15,1
3,9,28,0
3,9,31,0
3,10,10,0
3,10,14,0
3,10,28,0
3,10,29,0
3,10,31,0
3,11,8,0
3,11,10,0
3,11,14,0
3,11,29,0
3,12,8,0
3,12,14,0
3,12,29,0
3,12,31,0
3,13,8,0
3,13,10,0
3,13,11,1
3,13,15,0
3,13,29,1
3,13,31,0
3,14,8,0
3,14,9,0
3,14,12,0
3,14,15,0
3,14,30,0
3,14,31,0
3,15,9,0
3,15,12,0
3,15,15,0
3,15,30,0
3,16,9,0
3,16,12,1
3,16,15,0
3,16,16,0
3,16,30,0
3,17,9,0
3,17,16,0
3,17,30,0
3,18,9,0
3,18,16,1
3,18,30,1
4,0,2,2
4,0,3,2
4,0,4,3
4,0,5,3
4,0,6,2
4,0,7,2
4,0,8,3
4,0,9,3
4,0,10,2
4,0,11,3
4,0,12,2
4,0,13,2
4,0,14,2
4,0,15,2
4,0,16,2
4,0,17,2
4,0,18,2
4,0,19,2
4,0,20,3
4,0,21,3
4,0,22,2
4,0,23,3
4,0,24,3
4,0,25,2
4,0,26,2
4,0,27,3
4,0,28,2
4,0,29,3
4,0,30,3
4,0,31,2
4,1,20,4
4,1,29,0
4,2,29,0
4,3,21,5
4,3,29,0
4,3,30,0
4,4,9,0
4,4,11,0
4,4,22,4
4,4,30,0
4,5,9,1
4,5,12,0
4,5,30,0
4,5,31,0
4,5,32,0
4,6,10,0
4,6,12,0
4,6,13,0
4,6,31,0
4,7,10,0
4,7,13,0
4,7,31,0
4,8,10,0
4,8,13,0
4,8,14,0
4,8,30,0
4,8,31,0
4,9,10,0
4,9,11,0
4,9,14,0
4,9,30,0
4,10,11,0
4,10,13,0
4,10,14,0
4,10,15,0
4,10,30,0
4,11,11,1
4,11,13,0
4,11,15,0
4,11,30,0
4,12,12,0
4,12,13,0
4,12,15,0
4,13,10,1
4,13,12,0
4,13,14,0
4,13,15,0
4,14,11,0
4,14,12,0
4,14,14,0
4,15,11,0
4,15,14,0
4,16,11,0
4,16,13,0
4,16,14,0
4,17,11,1
4,17,13,0
4,18,13,1
5,0,1,3
5,0,2,3
5,0,3,3
5,0,4,2
5,0,5,3
5,0,6,3
5,0,7,2
5,0,8,2
5,0,9,3
5,0,10,3
5,0,11,2
5,0,12,3
5,0,13,3
5,0,14,3
5,0,15,2
5,0,16,3
5,0,17,2
5,0,18,2
5,0,19,2
5,0,20,2
5,0,21,3
5,0,22,2
5,0,23,2
5,0,24,2
5,0,25,2
5,0,26,3
5,0,27,2
5,0,28,3
5,0,29,3
5,0,30,3
5,0,31,3
5,0,32,2
5,1,19,5
5,1,20,5
5,2,20,4
5,2,21,4
5,2,22,5
5,3,21,4
5,3,28,0
5,3,29,0
5,4,11,0
5,4,22,4
5,4,23,4
5,4,29,0
5,5,11,0
5,5,22,5
5,5,23,5
5,5,24,4
5,5,32,0
5,6,11,0
5,6,13,1
5,6,24,6
5,6,25,5
5,6,32,0
5,7,11,1
5,7,25,6
5,7,26,5
5,7,32,0
5,8,26,5
5,8,27,6
5,8,28,6
5,8,32,1
5,9,27,6
5,10,27,5
5,10,28,6
5,11,28,5
5,11,30,0
5,11,31,0
5,12,13,0
5,12,31,0
5,13,13,0
5,13,31,1
5,14,13,0
6,0,0,3
6,0,1,3
6,0,2,2
6,0,3,2
6,0,4,3
6,0,5,2
6,0,6,2
6,0,7,3
6,0,8,2
6,0,9,2
6,0,10,2
6,0,11,2
6,0,12,2
6,0,13,2
6,0,14,2
6,0,15,2
6,0,16,3
6,0,17,2
6,0,18,2
6,0,19,3
6,0,20,2
6,0,21,3
6,0,22,2
6,0,23,3
6,0,24,3
6,0,25,2
6,0,26,3
6,0,27,2
6,0,28,3
6,0,29,3
6,0,30,2
6,0,31,3
6,0,32,3
6,0,33,3
6,1,4,5
6,1,5,5
6,1,18,5
6,1,19,4
6,1,20,5
6,2,19,4
6,2,20,5
6,2,21,5
6,2,22,5
6,3,20,4
6,3,21,4
6,3,22,4
6,3,28,0
6,4,21,4
6,4,22,4
6,4,29,0
6,5,15,0
6,5,22,5
6,5,23,5
6,5,29,0
6,6,15,0
6,6,23,5
6,6,24,6
6,6,29,1
6,7,15,0
6,7,24,5
6,7,25,7
6,8,15,1
6,8,25,6
6,8,26,6
6,9,16,0
6,9,25,7
6,9,26,7
6,9,27,5
6,9,28,7
6,10,11,5
6,10,16,0
6,10,26,5
6,10,27,7
6,10,28,6
6,11,16,0
6,11,27,7
6,11,28,6
6,11,29,5
6,12,16,1
6,12,28,6
6,12,29,5
6,12,30,6
6,13,30,6
6,14,13,0
6,14,15,0
6,15,13,0
6,15,15,0
6,16,13,0
6,16,15,1
6,17,13,1
7,0,0,2
7,0,1,2
7,0,2,3
7,0,3,2
7,0,4,2
7,0,5,2
7,0,6,3
7,0,7,2
7,0,8,3
7,0,9,2
7,0,10,3
7,0,11,3
7,0,12,2
7,0,13,2
7,0,14,2
7,0,15,2
7,0,16,2
7,0,17,2
7,0,18,3
7,0,19,2
7,0,20,2
7,0,21,2
7,0,22,3
7,0,23,3
7,0,24,2
7,0,25,2
7,0,26,2
7,0,27,2
7,0,28,3
7,0,29,2
7,0,30,3
7,0,31,2
7,0,32,3
7,0,33,3
7,1,2,4
7,1,3,4
7,1,4,4
7,1,5,4
7,1,19,4
7,2,4,4
7,2,5,4
7,2,21,4
7,3,6,5
7,3,21,5
7,3,22,4
7,3,28,0
7,4,6,4
7,4,15,0
7,4,28,0
7,5,7,5
7,5,15,0
7,5,16,0
7,5,28,0
7,5,32,0
7,6,6,5
7,6,7,5
7,6,8,6
7,6,9,5
7,6,14,0
7,6,16,0
7,6,23,5
7,6,28,0
7,6,32,0
7,7,8,6
7,7,14,1
7,7,16,0
7,7,25,5
7,7,27,1
7,7,28,0
7,7,32,0
7,8,10,5
7,8,12,1
7,8,13,0
7,8,16,0
7,8,25,7
7,8,26,7
7,8,32,0
7,9,10,5
7,9,11,5
7,9,16,0
7,9,26,5
7,9,32,1
7,10,11,6
7,10,13,6
7,10,26,5
7,10,27,6
7,10,28,6
7,11,11,7
7,11,12,5
7,12,15,0
7,13,15,0
7,14,15,0
8,0,0,2
8,0,1,3
8,0,2,2
8,0,3,2
8,0,4,2
8,0,5,2
8,0,6,3
8,0,7,2
8,0,8,2
8,0,9,2
8,0,10,3
8,0,11,3
8,0,12,2
8,0,13,2
8,0,14,3
8,0,15,3
8,0,16,3
8,0,17,3
8,0,18,3
8,0,19,2
8,0,20,2
8,0,21,3
8,0,22,3
8,0,23,2
8,0,24,3
8,0,25,3
8,0,26,2
8,0,27,3
8,0,28,2
8,0,29,2
8,0,30,2
8,0,31,2
8,0,32,3
8,0,33,3
8,0,34,2
8,0,35,3
8,1,3,5
8,1,4,5
8,1,5,5
8,1,15,0
8,1,19,5
8,1,20,5
8,2,5,4
8,2,6,4
8,2,15,0
8,3,5,5
8,3,6,5
8,3,15,0
8,3,32,0
8,4,6,5
8,4,7,4
8,4,14,0
8,4,15,0
8,4,16,0
8,4,32,0
8,5,6,4
8,5,7,5
8,5,8,4
8,5,14,0
8,5,16,0
8,5,17,0
8,5,32,0
8,6,7,5
8,6,8,7
8,6,9,6
8,6,13,0
8,6,14,0
8,6,17,0
8,6,18,0
8,6,26,0
8,7,8,6
8,7,9,6
8,7,10,7
8,7,13,0
8,7,18,0
8,7,26,1
8,8,9,7
8,8,10,6
8,8,11,6
8,8,13,0
8,8,18,0
8,8,28,1
8,9,10,5
8,9,11,6
8,9,12,7
8,9,14,0
8,9,18,1
8,10,10,6
8,10,11,6
8,10,12,7
8,10,14,0
8,10,15,0
8,11,11,7
8,11,12,5
8,11,13,5
8,11,15,0
8,12,12,7
8,12,13,5
8,12,15,0
8,13,14,6
9,0,0,3
9,0,1,2
9,0,2,3
9,0,3,3
9,0,4,3
9,0,5,3
9,0,6,2
9,0,7,3
9,0,8,3
9,0,9,3
9,0,10,3
9,0,11,3
9,0,12,3
9,0,13,3
9,0,14,3
9,0,15,2
9,0,16,2
9,0,17,2
9,0,18,2
9,0,19,3
9,0,20,3
9,0,21,2
9,0,22,2
9,0,23,2
9,0,24,2
9,0,25,2
9,0,26,3
9,0,27,3
9,0,28,3
9,0,29,3
9,0,30,2
9,0,31,3
9,0,32,3
9,0,33,3
9,0,34,2
9,0,35,2
9,1,4,4
9,1,5,4
9,1,6,4
9,3,5,5
9,3,6,4
9,3,7,5
9,3,32,0
9,4,6,5
9,4,26,1
9,4,33,1
9,5,7,5
9,5,8,5
9,5,9,5
9,5,16,0
9,5,31,0
9,6,7,6
9,6,9,6
9,6,10,6
9,6,14,0
9,6,16,0
9,6,25,0
9,6,26,0
9,6,31,0
9,7,9,5
9,7,14,0
9,7,16,0
9,7,25,0
9,7,31,1
9,8,10,6
9,8,14,0
9,8,16,0
9,8,23,0
9,8,24,0
9,8,25,0
9,8,26,0
9,8,28,0
9,9,11,7
9,9,14,0
9,9,16,0
9,9,17,0
9,9,23,0
9,9,26,0
9,9,28,0
9,10,11,7
9,10,17,0
9,10,23,0
9,10,26,1
9,10,28,0
9,11,17,0
9,11,23,1
9,11,27,0
9,11,28,0
9,12,17,0
9,12,27,0
9,12,36,0
9,13,17,1
9,13,26,0
9,13,27,0
9,13,36,0
9,14,26,0
9,14,36,0
9,15,26,1
9,15,36,1
9,17,15,0
9,18,15,0
9,19,15,0
10,0,0,2
10,0,1,3
10,0,2,2
10,0,3,3
10,0,4,3
10,0,5,2
10,0,6,2
10,0,7,2
10,0,8,2
10,0,9,2
10,0,10,2
10,0,11,2
10,0,12,3
10,0,13,3
10,0,14,3
10,0,15,2
10,0,16,2
10,0,17,2
10,0,18,3
10,0,19,3
10,0,20,2
10,0,21,2
10,0,22,3
10,0,23,2
10,0,24,2
10,0,25,3
10,0,26,2
10,0,27,3
10,0,28,2
10,0,29,2
10,0,30,2
10,0,31,2
10,0,32,2
10,0,33,2
10,0,34,2
10,0,35,2
10,0,36,2
10,0,37,3
10,1,2,5
10,1,3,4
10,1,5,5
10,1,25,0
10,2,25,0
10,3,25,0
10,3,31,0
10,3,32,0
10,3,33,0
10,4,24,0
10,4,25,0
10,4,26,0
10,4,31,0
10,4,33,0
10,4,35,1
10,5,24,0
10,5,26,0
10,5,31,0
10,5,33,0
10,5,37,0
10,6,24,0
10,6,26,0
10,6,27,0
10,6,32,0
10,6,33,0
10,6,35,1
10,6,37,0
10,7,15,0
10,7,16,0
10,7,17,0
10,7,27,0
10,7,28,0
10,7,32,0
10,7,37,0
10,8,15,0
10,8,17,1
10,8,28,0
10,8,29,0
10,8,32,1
10,8,37,1
10,9,15,0
10,9,24,0
10,9,29,0
10,10,15,1
10,10,24,0
10,10,29,1
10,10,36,0
10,11,24,0
10,11,36,0
10,12,24,1
10,12,36,0
10,12,37,0
10,13,37,0
10,14,15,0
10,14,27,0
10,14,37,1
10,15,15,0
10,15,27,0
10,16,15,0
10,16,27,0
10,16,28,0
10,17,14,0
10,17,15,0
10,17,28,0
10,18,14,0
10,18,28,0
10,19,14,1
10,19,28,0
11,0,0,3
11,0,1,2
11,0,2,3
11,0,3,2
11,0,4,3
11,0,5,3
11,0,6,3
11,0,7,2
11,0,8,2
11,0,9,3
11,0,10,2
11,0,11,3
11,0,12,2
11,0,13,2
11,0,14,2
11,0,15,3
11,0,16,2
11,0,17,2
11,0,18,3
11,0,19,2
11,0,20,3
11,0,21,3
11,0,22,2
11,0,23,3
11,0,24,2
11,0,25,3
11,0,26,2
11,0,27,2
11,0,28,2
11,0,29,3
11,0,30,3
11,0,31,2
11,0,32,3
11,0,33,3
11,0,34,3
11,0,35,3
11,0,36,3
11,0,37,3
11,1,33,0
11,2,33,0
11,3,33,0
11,3,34,0
11,4,25,0
11,4,34,0
11,4,35,0
11,4,36,0
11,4,37,0
11,5,25,0
11,5,35,0
11,5,37,0
11,5,38,0
11,6,24,1
11,6,26,0
11,6,35,0
11,6,36,0
11,6,38,0
11,7,16,0
11,7,25,0
11,7,26,0
11,7,27,0
11,7,35,1
11,7,38,0
11,8,16,0
11,8,24,0
11,8,25,0
11,8,27,0
11,8,36,0
11,8,38,0
11,8,39,0
11,9,16,0
11,9,23,0
11,9,24,0
11,9,36,0
11,9,39,0
11,10,16,0
11,10,23,0
11,10,35,0
11,10,36,0
11,10,38,0
11,10,39,0
11,11,15,0
11,11,16,0
11,11,17,0
11,11,23,1
11,11,35,0
11,11,38,0
11,12,15,0
11,12,17,0
11,12,27,0
11,12,34,0
11,12,35,0
11,12,38,1
11,13,15,0
11,13,17,0
11,13,18,0
11,13,27,0
11,13,34,0
11,14,14,0
11,14,15,0
11,14,18,0
11,14,27,0
11,14,34,1
11,15,13,0
11,15,14,0
11,15,18,0
11,16,13,0
11,17,13,0
11,18,13,1
12,0,0,2
12,0,1,2
12,0,2,2
12,0,3,2
12,0,4,3
12,0,5,2
12,0,6,2
12,0,7,2
12,0,8,2
12,0,9,2
12,0,10,2
12,0,11,2
12,0,12,2
12,0,13,3
12,0,14,2
12,0,15,2
12,0,16,3
12,0,17,2
12,0,18,2
12,0,19,2
12,0,20,3
12,0,21,2
12,0,22,2
12,0,23,3
12,0,24,2
12,0,25,2
12,0,26,2
12,0,27,3
12,0,28,2
12,0,29,2
12,0,30,2
12,0,31,2
12,0,32,3
12,0,33,3
12,0,34,2
12,0,35,2
12,0,36,2
12,0,37,3
12,0,38,2
12,3,33,0
12,4,33,0
12,5,8,0
12,5,25,1
12,5,37,1
12,6,6,0
12,6,8,0
12,6,36,0
12,7,6,0
12,7,8,1
12,7,36,0
12,8,6,0
12,8,7,0
12,8,25,0
12,8,27,0
12,8,36,0
12,9,7,0
12,9,25,0
12,9,27,0
12,10,7,1
12,10,24,0
12,10,25,0
12,10,27,0
12,10,36,0
12,11,24,0
12,11,27,0
12,11,36,0
12,12,24,0
12,12,27,0
12,12,28,0
12,12,36,0
12,13,24,1
12,13,28,0
12,14,15,0
12,14,28,0
12,14,29,0
12,15,15,0
12,15,18,0
12,15,29,0
12,16,14,0
12,16,15,0
12,16,18,0
12,16,28,0
12,16,29,0
12,16,30,0
12,17,14,0
12,17,18,1
12,17,28,0
12,17,30,0
12,18,14,1
12,18,28,1
12,18,30,0
12,19,30,1
13,0,0,2
13,0,1,2
13,0,2,2
13,0,3,3
13,0,4,2
13,0,5,2
13,0,6,2
13,0,7,3
13,0,8,2
13,0,9,3
13,0,10,3
13,0,11,2
13,0,12,2
13,0,13,2
13,0,14,2
13,0,15,4
13,0,16,4
13,0,17,4
13,0,18,4
13,0,19,4
13,0,20,2
13,0,21,2
13,0,22,2
13,0,23,3
13,0,24,2
13,0,25,2
13,0,26,3
13,0,27,2
13,0,28,3
13,0,29,3
13,0,30,3
13,0,31,2
13,0,32,2
13,0,33,2
13,0,34,2
13,0,35,3
13,0,36,3
13,0,37,3
13,0,38,2
13,1,15,8
13,1,16,8
13,1,17,8
13,1,18,8
13,1,19,8
13,2,15,8
13,2,16,8
13,2,17,8
13,2,18,8
13,2,19,8
13,3,8,0
13,3,15,8
13,3,16,8
13,3,17,8
13,3,18,8
13,3,19,8
13,3,20,9
13,4,8,0
13,4,17,8
13,4,18,8
13,4,19,8
13,4,20,5
13,4,21,6
13,4,33,0
13,5,7,1
13,5,8,0
13,5,9,0
13,5,19,8
13,5,20,8
13,5,21,8
13,5,22,6
13,5,23,6
13,5,24,9
13,5,33,0
13,6,6,0
13,6,9,0
13,6,21,8
13,6,22,8
13,6,23,8
13,6,24,6
13,6,25,7
13,6,26,9
13,6,33,0
13,7,9,1
13,7,23,8
13,7,24,8
13,7,25,8
13,7,26,8
13,7,27,9
13,7,33,1
13,11,7,0
13,12,7,0
13,12,27,0
13,12,36,0
13,13,7,0
13,13,8,0
13,13,27,0
13,13,36,0
13,14,8,0
13,14,27,0
13,14,36,0
13,15,8,0
13,15,26,0
13,15,27,0
13,15,36,1
13,16,8,1
13,16,26,0
13,16,29,0
13,17,26,0
13,17,29,0
13,18,26,1
13,18,29,0
13,19,29,0
14,0,0,3
14,0,1,2
14,0,2,2
14,0,3,2
14,0,4,2
14,0,5,3
14,0,6,2
14,0,7,2
14,0,8,3
14,0,9,2
14,0,10,2
14,0,11,2
14,0,12,2
14,0,13,4
14,0,14,4
14,0,15,4
14,0,16,4
14,0,17,5
14,0,18,4
14,0,19,5
14,0,20,5
14,0,21,5
14,0,22,5
14,0,23,2
14,0,24,2
14,0,25,2
14,0,26,2
14,0,27,2
14,0,28,3
14,0,29,2
14,0,30,2
14,0,31,2
14,0,32,3
14,0,33,2
14,0,34,2
14,0,35,3
14,0,36,3
14,0,37,2
14,0,38,2
14,1,8,0
14,1,13,8
14,1,14,8
14,1,20,8
14,1,21,8
14,1,22,8
14,2,8,0
14,2,13,8
14,2,14,8
14,2,20,8
14,2,21,8
14,2,22,8
14,3,7,0
14,3,8,0
14,3,9,0
14,3,13,8
14,3,14,8
14,3,20,8
14,3,21,8
14,3,22,8
14,4,6,0
14,4,7,0
14,4,9,0
14,4,15,6
14,4,16,7
14,4,17,7
14,4,18,6
14,4,22,6
14,4,23,6
14,4,24,6
14,4,33,0
14,4,34,0
14,4,36,0
14,5,6,0
14,5,9,0
14,5,10,0
14,5,19,10
14,5,20,7
14,5,24,6
14,5,25,7
14,5,34,0
14,5,36,0
14,6,4,0
14,6,5,0
14,6,6,0
14,6,7,1
14,6,10,0
14,6,21,7
14,6,22,7
14,6,26,7
14,6,27,6
14,6,28,7
14,6,29,7
14,6,34,0
14,6,36,1
14,7,4,0
14,7,6,0
14,7,10,1
14,7,23,7
14,7,24,7
14,7,25,10
14,7,26,7
14,7,27,6
14,7,28,7
14,7,34,0
14,8,4,0
14,8,6,0
14,8,7,0
14,8,26,8
14,8,27,8
14,8,28,8
14,8,29,6
14,8,30,6
14,8,34,0
14,8,35,0
14,9,4,1
14,9,7,0
14,9,28,8
14,9,29,8
14,9,30,8
14,9,31,9
14,9,35,0
14,10,7,0
14,10,35,0
14,10,36,1
14,11,6,0
14,11,7,0
14,12,6,0
14,13,6,1
14,14,7,0
14,15,7,0
14,15,27,0
14,16,7,0
14,16,27,0
14,17,27,0
14,18,27,0
15,0,0,2
15,0,1,2
15,0,2,2
15,0,3,3
15,0,4,2
15,0,5,2
15,0,6,2
15,0,7,2
15,0,8,2
15,0,9,2
15,0,10,3
15,0,11,3
15,0,12,5
15,0,13,4
15,0,14,5
15,0,15,5
15,0,16,5
15,0,17,5
15,0,18,5
15,0,19,4
15,0,20,5
15,0,21,5
15,0,22,5
15,0,23,2
15,0,24,3
15,0,25,3
15,0,26,2
15,0,27,2
15,0,28,2
15,0,29,2
15,0,30,3
15,0,31,2
15,0,32,3
15,0,33,3
15,0,34,2
15,0,35,2
15,0,36,2
15,0,37,2
15,0,38,3
15,1,12,8
15,1,17,11
15,1,23,8
15,1,24,8
15,1,25,8
15,2,12,8
15,2,23,8
15,2,24,8
15,2,25,8
15,3,8,0
15,3,12,8
15,3,23,8
15,3,24,8
15,3,25,8
15,3,36,0
15,4,8,0
15,4,13,6
15,4,14,6
15,4,15,10
15,4,23,8
15,4,25,6
15,4,36,0
15,5,6,1
15,5,8,0
15,5,9,0
15,5,16,6
15,5,17,6
15,5,18,6
15,5,19,7
15,5,23,8
15,5,25,7
15,5,26,7
15,5,27,6
15,6,20,6
15,6,21,7
15,6,22,12
15,6,27,6
15,7,22,6
15,7,23,10
15,7,28,10
15,7,29,6
15,7,30,7
15,8,24,10
15,8,25,10
15,8,31,7
15,8,32,10
15,9,26,6
15,9,27,7
15,9,30,6
15,9,31,6
15,9,32,7
15,9,33,7
15,10,28,10
15,10,29,7
15,10,30,8
15,10,31,8
15,10,32,8
15,10,33,8
15,10,34,9
15,11,7,0
15,11,33,8
15,11,34,8
15,11,35,8
15,11,36,9
15,12,7,0
15,13,7,0
15,14,7,0
15,16,7,0
15,17,7,0
15,18,7,1
15,18,27,0
15,19,27,0
16,0,0,2
16,0,1,2
16,0,2,2
16,0,3,2
16,0,4,3
16,0,5,3
16,0,6,3
16,0,7,2
16,0,8,2
16,0,9,2
16,0,10,2
16,0,11,2
16,0,12,5
16,0,13,4
16,0,14,5
16,0,15,4
16,0,16,5
16,0,17,4
16,0,18,4
16,0,19,4
16,0,20,5
16,0,21,4
16,0,22,5
16,0,23,5
16,0,24,5
16,0,25,5
16,0,26,5
16,0,27,4
16,0,28,5
16,0,29,3
16,0,30,3
16,0,31,3
16,0,32,3
16,0,33,2
16,0,34,3
16,0,35,2
16,0,36,3
16,0,37,3
16,0,38,3
16,1,12,8
16,1,26,8
16,1,27,8
16,1,36,0
16,2,12,8
16,2,26,8
16,2,27,8
16,2,36,0
16,3,12,8
16,3,23,8
16,3,26,8
16,3,27,8
16,3,35,0
16,3,36,0
16,3,37,0
16,4,13,10
16,4,23,8
16,4,26,7
16,4,27,7
16,4,34,0
16,4,35,0
16,4,37,0
16,4,38,0
16,5,8,0
16,5,14,10
16,5,15,6
16,5,16,6
16,5,23,8
16,5,27,6
16,5,28,7
16,5,29,6
16,5,34,0
16,5,36,0
16,5,38,0
16,6,8,0
16,6,17,6
16,6,18,7
16,6,19,7
16,6,20,6
16,6,22,13
16,6,23,8
16,6,28,6
16,6,29,6
16,6,30,6
16,6,34,1
16,6,36,0
16,6,38,1
16,7,7,0
16,7,8,0
16,7,21,10
16,7,22,6
16,7,31,7
16,7,36,0
16,8,7,0
16,8,23,6
16,8,24,6
16,8,32,6
16,8,33,10
16,9,7,1
16,9,25,10
16,9,26,7
16,9,34,7
16,10,27,7
16,10,28,10
16,10,34,7
16,10,35,6
16,11,29,7
16,11,30,7
16,11,31,6
16,11,32,6
16,11,33,6
16,11,34,6
16,11,36,7
16,11,37,9
16,12,35,8
16,12,36,8
16,12,37,8
16,12,38,8
17,0,0,2
17,0,1,2
17,0,2,3
17,0,3,2
17,0,4,3
17,0,5,2
17,0,6,2
17,0,7,2
17,0,8,3
17,0,9,2
17,0,10,3
17,0,11,2
17,0,12,4
17,0,13,4
17,0,14,4
17,0,15,4
17,0,16,4
17,0,17,4
17,0,18,5
17,0,19,4
17,0,20,5
17,0,21,5
17,0,22,5
17,0,23,5
17,0,24,4
17,0,25,4
17,0,26,5
17,0,27,4
17,0,28,4
17,0,29,2
17,0,30,3
17,0,31,2
17,0,32,2
17,0,33,2
17,0,34,3
17,0,35,2
17,0,36,2
17,0,37,2
17,1,12,8
17,1,14,8
17,1,15,8
17,1,16,8
17,1,18,14
17,1,19,8
17,1,20,8
17,1,21,8
17,1,22,8
17,1,23,8
17,1,28,8
17,2,12,8
17,2,14,14
17,2,15,8
17,2,16,8
17,2,18,8
17,2,19,13
17,2,20,15
17,2,21,16
17,2,22,8
17,2,23,8
17,2,28,8
17,3,12,8
17,3,13,17
17,3,14,8
17,3,15,15
17,3,16,8
17,3,17,16
17,3,18,8
17,3,19,8
17,3,20,8
17,3,21,8
17,3,22,8
17,3,23,8
17,3,27,17
17,3,28,8
17,3,36,0
17,4,12,8
17,4,13,7
17,4,14,8
17,4,15,8
17,4,16,8
17,4,17,8
17,4,18,15
17,4,19,8
17,4,20,8
17,4,21,8
17,4,22,8
17,4,23,17
17,4,28,10
17,4,36,0
17,5,14,6
17,5,16,8
17,5,17,13
17,5,18,14
17,5,19,8
17,5,20,8
17,5,21,8
17,5,22,8
17,5,23,8
17,5,29,6
17,5,30,10
17,5,35,0
17,5,36,0
17,6,15,6
17,6,16,7
17,6,17,7
17,6,21,8
17,6,22,8
17,6,23,18
17,6,31,6
17,6,35,1
17,7,18,6
17,7,19,7
17,7,20,6
17,7,21,10
17,7,22,19
17,7,32,10
17,7,33,6
17,7,36,0
17,8,22,7
17,8,23,7
17,8,34,7
17,8,36,1
17,9,24,10
17,9,25,7
17,9,35,10
17,10,26,10
17,10,27,10
17,10,36,10
17,11,28,7
17,11,29,7
17,11,37,6
17,11,38,7
17,12,30,10
17,12,31,10
17,12,32,10
17,12,33,7
17,12,34,6
17,12,35,7
17,12,36,6
17,12,38,7
17,12,39,9
17,13,37,7
17,13,38,8
17,13,39,8
17,13,40,8
17,13,41,8
17,13,42,9
17,14,41,8
17,14,42,8
17,14,43,8
17,14,44,8
17,14,45,9
17,15,44,8
17,15,45,8
17,15,46,8
17,15,47,8
17,15,48,9
18,0,0,3
18,0,1,2
18,0,2,3
18,0,3,3
18,0,4,2
18,0,5,2
18,0,6,3
18,0,7,2
18,0,8,2
18,0,9,3
18,0,10,2
18,0,11,2
18,0,12,4
18,0,13,4
18,0,14,5
18,0,15,5
18,0,16,5
18,0,17,5
18,0,18,4
18,0,19,4
18,0,20,5
18,0,21,4
18,0,22,5
18,0,23,4
18,0,24,5
18,0,25,5
18,0,26,5
18,0,27,5
18,0,28,4
18,0,29,2
18,0,30,2
18,0,31,3
18,0,32,2
18,0,33,2
18,0,34,3
18,0,35,2
18,0,36,3
18,0,37,3
18,1,14,8
18,1,23,17
18,1,25,11
18,1,29,8
18,2,14,8
18,2,16,0
18,2,23,13
18,2,29,8
18,3,12,17
18,3,14,8
18,3,16,1
18,3,22,15
18,3,23,8
18,3,29,8
18,4,12,8
18,4,13,7
18,4,14,8
18,4,23,8
18,4,29,6
18,5,14,7
18,5,21,15
18,5,23,8
18,5,30,7
18,6,15,6
18,6,23,8
18,6,31,7
18,6,32,6
18,7,16,6
18,7,17,6
18,7,18,6
18,7,23,13
18,7,33,6
18,8,19,6
18,8,20,6
18,8,21,6
18,8,22,10
18,8,34,7
18,8,35,6
18,9,23,10
18,9,24,7
18,9,35,7
18,9,36,6
18,10,25,10
18,10,26,6
18,10,36,6
18,10,37,6
18,10,38,6
18,11,27,6
18,11,28,6
18,11,39,7
18,11,40,7
18,11,41,6
18,11,42,7
18,12,29,7
18,12,30,6
18,12,39,10
18,12,40,6
18,12,41,7
18,12,42,6
18,12,43,7
18,12,44,7
18,13,31,10
18,13,32,7
18,13,33,10
18,13,34,7
18,13,35,7
18,13,36,7
18,13,42,7
18,13,43,10
18,13,44,6
18,14,37,7
18,14,38,7
18,14,39,7
18,14,40,7
18,14,45,7
18,14,46,6
18,14,47,7
18,14,48,6
18,15,39,10
18,15,40,7
18,15,41,6
18,15,42,6
18,15,43,6
18,15,48,7
18,15,49,7
18,15,50,6
18,16,42,10
18,16,43,7
18,16,44,7
18,16,45,10
18,16,46,10
18,16,47,8
18,16,48,8
18,16,49,8
18,16,50,8
18,16,51,7
18,16,52,6
18,16,53,9
18,17,45,6
18,17,46,7
18,17,47,7
18,17,48,6
18,17,49,6
18,17,50,8
18,17,51,8
18,17,52,8
18,17,53,8
18,17,54,8
18,17,55,9
19,0,0,3
19,0,1,3
19,0,2,2
19,0,3,3
19,0,4,3
19,0,5,2
19,0,6,2
19,0,7,2
19,0,8,2
19,0,9,2
19,0,10,2
19,0,11,2
19,0,12,4
19,0,13,4
19,0,14,4
19,0,15,5
19,0,16,3
19,0,17,4
19,0,18,5
19,0,19,5
19,0,20,4
19,0,21,5
19,0,22,4
19,0,23,5
19,0,24,5
19,0,25,4
19,0,26,4
19,0,27,4
19,0,28,4
19,0,29,2
19,0,30,2
19,0,31,2
19,0,32,3
19,0,33,2
19,0,34,3
19,0,35,2
19,0,36,2
19,0,37,2
19,1,14,8
19,1,16,0
19,1,18,11
19,1,23,9
19,1,29,8
19,2,14,20
19,2,16,0
19,2,22,15
19,2,23,8
19,2,29,8
19,3,14,8
19,3,20,0
19,3,23,17
19,3,29,8
19,3,30,9
19,4,12,8
19,4,14,8
19,4,17,0
19,4,18,0
19,4,20,0
19,4,23,8
19,4,29,8
19,4,30,8
19,4,31,8
19,4,32,9
19,5,12,8
19,5,13,8
19,5,14,8
19,5,18,1
19,5,20,1
19,5,23,15
19,5,31,8
19,5,32,8
19,5,33,8
19,5,34,9
19,6,13,20
19,6,14,8
19,6,15,8
19,6,23,8
19,6,31,6
19,6,32,10
19,6,33,8
19,6,34,8
19,6,35,9
19,7,14,20
19,7,15,8
19,7,16,8
19,7,17,8
19,7,18,8
19,7,23,8
19,7,33,6
19,7,34,8
19,7,35,8
19,7,36,8
19,7,37,9
19,8,17,20
19,8,18,8
19,8,19,8
19,8,20,8
19,8,22,15
19,8,34,6
19,8,35,7
19,8,36,8
19,8,37,8
19,8,38,8
19,8,39,9
19,9,19,20
19,9,20,8
19,9,21,8
19,9,22,8
19,9,23,8
19,9,36,6
19,9,37,10
19,9,38,8
19,9,39,8
19,9,40,8
19,9,41,9
19,10,22,20
19,10,23,8
19,10,24,8
19,10,38,6
19,10,39,7
19,10,40,8
19,10,41,8
19,10,42,8
19,10,43,8
19,10,44,9
19,11,23,20
19,11,24,8
19,11,25,8
19,11,26,8
19,11,43,8
19,11,44,8
19,11,45,8
19,11,46,9
19,12,25,20
19,12,26,8
19,12,27,8
19,12,28,8
19,12,29,8
19,12,30,8
19,12,44,20
19,12,45,8
19,12,46,8
19,12,47,8
19,12,48,9
19,13,29,20
19,13,30,8
19,13,31,8
19,13,32,8
19,13,33,8
19,13,45,6
19,13,46,10
19,13,47,8
19,13,48,8
19,13,49,8
19,13,50,9
19,14,32,20
19,14,33,8
19,14,34,8
19,14,35,8
19,14,36,8
19,14,48,20
19,14,49,8
19,14,50,8
19,14,51,8
19,14,52,9
19,15,35,20
19,15,36,8
19,15,37,8
19,15,38,8
19,15,50,20
19,15,51,8
19,15,52,8
19,15,53,8
19,15,54,9
19,16,37,20
19,16,38,8
19,16,39,8
19,16,40,8
19,16,41,8
19,16,52,20
19,16,53,8
19,16,54,8
19,16,55,8
19,16,56,9
19,16,57,15
19,16,58,15
19,16,59,15
19,17,40,20
19,17,41,8
19,17,42,8
19,17,43,8
19,17,44,8
19,17,55,8
19,17,56,18
19,17,57,13
19,17,58,20
19,17,59,8
19,17,60,18
19,18,43,20
19,18,44,8
19,18,45,8
19,18,46,8
19,18,47,8
19,18,48,8
19,18,49,8
19,18,50,8
19,18,51,8
19,18,52,8
19,18,53,8
19,18,54,8
19,18,55,8
19,18,56,9
19,18,57,15
19,18,58,8
19,18,59,9
20,0,0,3
20,0,1,3
20,0,2,2
20,0,3,2
20,0,4,2
20,0,5,3
20,0,6,2
20,0,7,2
20,0,8,3
20,0,9,2
20,0,10,2
20,0,11,2
20,0,12,5
20,0,13,5
20,0,14,4
20,0,15,5
20,0,16,5
20,0,17,4
20,0,18,4
20,0,19,5
20,0,20,5
20,0,21,5
20,0,22,5
20,0,23,4
20,0,24,5
20,0,25,5
20,0,26,5
20,0,27,5
20,0,28,5
20,0,29,2
20,0,30,3
20,0,31,2
20,0,32,2
20,0,33,2
20,0,34,2
20,0,35,2
20,0,36,3
20,0,37,2
20,1,14,20
20,1,19,11
20,1,23,8
20,1,29,8
20,2,14,12
20,2,20,0
20,2,23,18
20,2,29,8
20,3,12,16
20,3,14,8
20,3,17,0
20,3,20,0
20,3,21,0
20,3,23,8
20,3,29,8
20,4,12,8
20,4,13,6
20,4,14,8
20,4,17,0
20,4,21,0
20,4,23,8
20,4,29,6
20,5,14,7
20,5,21,1
20,5,23,9
20,5,30,10
20,6,15,6
20,6,19,1
20,6,23,8
20,6,31,7
20,6,32,7
20,7,16,7
20,7,17,6
20,7,18,6
20,7,23,8
20,7,33,6
20,8,19,6
20,8,20,6
20,8,21,6
20,8,22,7
20,8,34,7
20,8,35,7
20,9,23,7
20,9,24,7
20,9,35,10
20,9,36,10
20,10,25,7
20,10,26,7
20,10,36,7
20,10,37,10
20,10,38,7
20,11,27,6
20,11,28,7
20,11,39,7
20,11,40,6
20,11,41,7
20,11,42,6
20,12,29,10
20,12,30,6
20,12,39,6
20,12,40,6
20,12,41,7
20,12,42,6
20,12,43,10
20,12,44,6
20,13,31,7
20,13,32,6
20,13,33,7
20,13,34,6
20,13,35,10
20,13,36,7
20,13,42,10
20,13,43,6
20,13,44,6
20,14,37,6
20,14,38,6
20,14,39,6
20,14,40,6
20,14,45,7
20,14,46,7
20,14,47,6
20,14,48,6
20,15,39,6
20,15,40,6
20,15,41,7
20,15,42,6
20,15,43,10
20,15,48,7
20,15,49,7
20,15,50,10
20,16,42,6
20,16,43,10
20,16,44,6
20,16,45,7
20,16,46,7
20,16,47,8
20,16,48,8
20,16,49,8
20,16,50,8
20,16,51,7
20,16,52,7
20,16,53,9
20,17,45,7
20,17,46,6
20,17,47,7
20,17,48,7
20,17,49,6
20,17,50,8
20,17,51,8
20,17,52,8
20,17,53,8
20,17,54,8
20,17,55,9
21,0,0,3
21,0,1,2
21,0,2,2
21,0,3,3
21,0,4,2
21,0,5,2
21,0,6,2
21,0,7,3
21,0,8,2
21,0,9,2
21,0,10,3
21,0,11,2
21,0,12,5
21,0,13,5
21,0,14,5
21,0,15,5
21,0,16,4
21,0,17,3
21,0,18,5
21,0,19,5
21,0,20,3
21,0,21,4
21,0,22,5
21,0,23,4
21,0,24,4
21,0,25,4
21,0,26,5
21,0,27,5
21,0,28,3
21,0,29,2
21,0,30,2
21,0,31,2
21,0,32,2
21,0,33,2
21,0,34,3
21,0,35,2
21,0,36,3
21,1,12,8
21,1,13,8
21,1,14,8
21,1,17,0
21,1,20,0
21,1,22,15
21,1,23,9
21,1,26,16
21,1,28,8
21,2,12,8
21,2,13,8
21,2,14,8
21,2,17,0
21,2,20,0
21,2,23,14
21,2,27,12
21,2,28,8
21,3,12,8
21,3,13,8
21,3,14,8
21,3,17,0
21,3,18,0
21,3,23,8
21,3,28,8
21,4,12,8
21,4,13,6
21,4,18,0
21,4,22,15
21,4,23,9
21,4,28,6
21,5,14,6
21,5,18,0
21,5,19,0
21,5,20,1
21,5,23,8
21,5,29,10
21,5,30,7
21,6,15,6
21,6,16,10
21,6,17,6
21,6,19,0
21,6,23,8
21,6,31,6
21,7,18,6
21,7,19,6
21,7,20,6
21,7,21,7
21,7,23,21
21,7,32,10
21,7,33,10
21,8,22,6
21,8,23,6
21,8,34,10
21,9,24,6
21,9,25,10
21,9,35,6
21,10,26,10
21,10,27,6
21,10,36,10
21,11,28,10
21,11,29,6
21,11,37,10
21,11,38,10
21,12,30,7
21,12,31,6
21,12,32,10
21,12,33,6
21,12,34,6
21,12,35,6
21,12,36,10
21,12,38,7
21,12,39,9
21,13,37,7
21,13,38,8
21,13,39,8
21,13,40,8
21,13,41,8
21,13,42,9
21,14,41,8
21,14,42,8
21,14,43,8
21,14,44,8
21,14,45,9
21,15,44,8
21,15,45,8
21,15,46,8
21,15,47,8
21,15,48,9
22,0,0,2
22,0,1,3
22,0,2,3
22,0,3,3
22,0,4,3
22,0,5,3
22,0,6,2
22,0,7,2
22,0,8,3
22,0,9,2
22,0,10,2
22,0,11,2
22,0,12,5
22,0,13,4
22,0,14,5
22,0,15,4
22,0,16,4
22,0,17,4
22,0,18,4
22,0,19,5
22,0,20,5
22,0,21,4
22,0,22,4
22,0,23,5
22,0,24,4
22,0,25,5
22,0,26,3
22,0,27,2
22,0,28,2
22,0,29,2
22,0,30,3
22,0,31,2
22,0,32,2
22,0,33,2
22,0,34,3
22,0,35,2
22,0,36,3
22,1,12,8
22,1,23,8
22,1,26,8
22,1,27,8
22,2,12,8
22,2,15,0
22,2,23,8
22,2,26,8
22,2,27,8
22,3,12,8
22,3,15,1
22,3,23,8
22,3,26,8
22,3,27,8
22,4,13,6
22,4,23,8
22,4,26,7
22,4,27,6
22,5,14,7
22,5,15,7
22,5,16,6
22,5,23,8
22,5,27,6
22,5,28,7
22,5,29,6
22,5,34,0
22,6,17,6
22,6,18,7
22,6,19,7
22,6,20,6
22,6,23,8
22,6,28,6
22,6,29,7
22,6,30,7
22,6,34,0
22,6,35,1
22,7,21,7
22,7,22,6
22,7,31,10
22,7,34,1
22,8,23,7
22,8,24,6
22,8,32,7
22,8,33,6
22,9,25,6
22,9,26,7
22,9,34,10
22,10,27,6
22,10,28,7
22,10,34,7
22,10,35,7
22,11,29,7
22,11,30,6
22,11,31,7
22,11,32,6
22,11,33,6
22,11,34,10
22,11,36,7
22,11,37,9
22,12,35,8
22,12,36,8
22,12,37,8
22,12,38,8
23,0,0,2
23,0,1,2
23,0,2,2
23,0,3,3
23,0,4,3
23,0,5,3
23,0,6,3
23,0,7,2
23,0,8,2
23,0,9,2
23,0,10,3
23,0,11,3
23,0,12,5
23,0,13,5
23,0,14,4
23,0,15,3
23,0,16,4
23,0,17,5
23,0,18,4
23,0,19,5
23,0,20,4
23,0,21,3
23,0,22,4
23,0,23,2
23,0,24,2
23,0,25,2
23,0,26,2
23,0,27,2
23,0,28,2
23,0,29,3
23,0,30,2
23,0,31,3
23,0,32,2
23,0,33,2
23,0,34,3
23,0,35,3
23,0,36,3
23,1,12,8
23,1,15,0
23,1,20,0
23,1,21,0
23,1,23,14
23,1,24,8
23,1,25,8
23,2,12,8
23,2,15,0
23,2,16,0
23,2,23,8
23,2,24,8
23,2,25,8
23,2,34,1
23,3,12,8
23,3,16,0
23,3,23,8
23,3,24,8
23,3,25,8
23,4,5,0
23,4,13,7
23,4,14,6
23,4,15,7
23,4,16,22
23,4,23,8
23,4,25,7
23,4,34,0
23,5,5,0
23,5,16,7
23,5,17,10
23,5,18,10
23,5,19,10
23,5,23,8
23,5,25,7
23,5,26,10
23,5,27,10
23,5,34,0
23,6,5,0
23,6,20,7
23,6,21,7
23,6,23,13
23,6,27,6
23,6,37,0
23,7,5,1
23,7,22,7
23,7,23,6
23,7,28,10
23,7,29,6
23,7,30,7
23,7,37,0
23,8,24,7
23,8,25,7
23,8,31,10
23,8,32,7
23,8,37,1
23,9,26,6
23,9,27,6
23,9,30,10
23,9,31,7
23,9,32,6
23,9,33,6
23,10,28,6
23,10,29,7
23,10,30,8
23,10,31,8
23,10,32,8
23,10,33,8
23,10,34,9
23,10,36,23
23,11,33,8
23,11,34,8
23,11,35,8
23,11,36,9
23,13,37,0
23,14,37,0
23,15,37,0
23,15,38,0
23,16,38,0
23,17,38,1
24,0,0,2
24,0,1,2
24,0,2,3
24,0,3,2
24,0,4,2
24,0,5,3
24,0,6,3
24,0,7,3
24,0,8,2
24,0,9,3
24,0,10,3
24,0,11,2
24,0,12,3
24,0,13,4
24,0,14,4
24,0,15,4
24,0,16,5
24,0,17,5
24,0,18,5
24,0,19,4
24,0,20,5
24,0,21,4
24,0,22,5
24,0,23,3
24,0,24,3
24,0,25,2
24,0,26,2
24,0,27,2
24,0,28,2
24,0,29,3
24,0,30,3
24,0,31,3
24,0,32,2
24,0,33,3
24,0,34,2
24,0,35,2
24,1,6,0
24,1,13,8
24,1,14,8
24,1,16,24
24,1,17,25
24,1,18,26
24,1,20,8
24,1,21,8
24,1,22,8
24,1,33,0
24,2,5,0
24,2,6,0
24,2,7,0
24,2,13,8
24,2,14,8
24,2,18,27
24,2,20,8
24,2,21,8
24,2,22,8
24,2,32,0
24,2,33,0
24,2,34,0
24,3,5,0
24,3,7,0
24,3,13,8
24,3,14,8
24,3,20,8
24,3,21,8
24,3,22,8
24,3,31,1
24,3,32,0
24,3,34,0
24,4,4,0
24,4,5,0
24,4,7,1
24,4,15,6
24,4,16,6
24,4,17,10
24,4,18,7
24,4,22,7
24,4,23,7
24,4,24,10
24,4,32,0
24,4,34,0
24,4,35,0
24,5,4,0
24,5,19,6
24,5,20,7
24,5,24,6
24,5,25,6
24,5,35,0
24,6,21,7
24,6,22,10
24,6,26,6
24,6,27,10
24,6,28,7
24,6,29,7
24,6,35,0
24,6,36,0
24,6,37,0
24,7,23,6
24,7,24,10
24,7,25,6
24,7,26,6
24,7,27,7
24,7,28,7
24,7,36,0
24,8,26,8
24,8,27,8
24,8,28,8
24,8,29,7
24,8,30,10
24,8,36,0
24,9,28,8
24,9,29,8
24,9,30,8
24,9,31,9
24,9,36,0
24,10,36,0
24,10,37,0
24,11,37,0
24,12,37,0
24,13,37,0
24,13,38,0
24,14,38,1
24,15,37,0
24,16,37,0
24,17,37,0
24,18,37,0
24,18,38,0
24,19,38,0
25,0,0,3
25,0,1,2
25,0,2,2
25,0,3,3
25,0,4,3
25,0,5,2
25,0,6,3
25,0,7,3
25,0,8,2
25,0,9,2
25,0,10,2
25,0,11,3
25,0,12,3
25,0,13,3
25,0,14,3
25,0,15,4
25,0,16,4
25,0,17,5
25,0,18,4
25,0,19,5
25,0,20,3
25,0,21,3
25,0,22,3
25,0,23,2
25,0,24,3
25,0,25,2
25,0,26,2
25,0,27,2
25,0,28,2
25,0,29,2
25,0,30,2
25,0,31,3
25,0,32,3
25,0,33,2
25,0,34,2
25,0,35,3
25,1,15,8
25,1,16,8
25,1,17,8
25,1,18,8
25,1,19,8
25,2,15,8
25,2,16,8
25,2,17,8
25,2,18,8
25,2,19,8
25,2,33,0
25,3,15,8
25,3,16,8
25,3,17,8
25,3,18,8
25,3,19,8
25,3,33,0
25,4,5,0
25,4,17,8
25,4,18,8
25,4,19,8
25,4,20,6
25,4,21,6
25,4,32,1
25,4,35,0
25,4,36,0
25,5,4,0
25,5,5,0
25,5,19,8
25,5,20,8
25,5,21,8
25,5,22,6
25,5,23,7
25,5,24,9
25,5,33,0
25,5,36,0
25,6,4,0
25,6,21,8
25,6,22,8
25,6,23,8
25,6,24,6
25,6,25,6
25,6,26,9
25,6,33,0
25,7,4,0
25,7,23,8
25,7,24,8
25,7,25,8
25,7,26,8
25,7,27,9
25,7,33,0
25,8,33,0
25,9,14,0
25,9,33,0
25,9,34,0
25,10,14,0
25,10,34,0
25,10,36,0
25,11,11,0
25,11,14,0
25,11,34,0
25,11,36,0
25,12,11,0
25,12,14,0
25,12,34,0
25,12,36,0
25,13,10,0
25,13,11,0
25,13,13,0
25,13,14,0
25,13,34,1
25,13,36,1
25,14,4,0
25,14,10,0
25,14,12,0
25,14,13,0
25,15,4,0
25,15,10,1
25,15,12,0
25,15,14,0
25,16,4,0
25,16,12,1
25,16,14,0
25,17,4,1
25,17,14,0
25,18,14,1
25,18,37,0
25,19,37,0
26,0,0,2
26,0,1,2
26,0,2,2
26,0,3,2
26,0,4,2
26,0,5,2
26,0,6,2
26,0,7,2
26,0,8,3
26,0,9,3
26,0,10,3
26,0,11,2
26,0,12,2
26,0,13,2
26,0,14,2
26,0,15,2
26,0,16,2
26,0,17,2
26,0,18,2
26,0,19,3
26,0,20,2
26,0,21,2
26,0,22,3
26,0,23,2
26,0,24,2
26,0,25,2
26,0,26,3
26,0,27,3
26,0,28,2
26,0,29,2
26,0,30,3
26,0,31,3
26,0,32,3
26,0,33,2
26,0,34,2
26,0,35,3
26,3,33,0
26,4,33,0
26,4,35,1
26,5,5,0
26,5,33,0
26,5,36,0
26,6,5,1
26,6,12,0
26,6,14,0
26,6,27,1
26,6,36,0
26,7,4,0
26,7,12,0
26,7,14,0
26,7,36,0
26,7,37,0
26,8,4,0
26,8,9,0
26,8,12,1
26,8,14,0
26,8,37,0
26,9,4,0
26,9,9,0
26,9,11,0
26,9,14,0
26,9,26,0
26,9,37,0
26,10,9,1
26,10,11,0
26,10,26,0
26,10,37,1
26,11,4,0
26,11,11,0
26,11,26,1
26,12,4,0
26,13,4,0
26,13,14,0
26,14,3,0
26,14,4,0
26,14,9,0
26,14,14,0
26,15,3,0
26,15,9,0
26,15,14,0
26,16,3,0
26,16,9,1
26,17,3,0
26,18,3,1
27,0,0,2
27,0,1,3
27,0,2,2
27,0,3,3
27,0,4,2
27,0,5,3
27,0,6,3
27,0,7,2
27,0,8,2
27,0,9,2
27,0,10,2
27,0,11,2
27,0,12,2
27,0,13,2
27,0,14,2
27,0,15,3
27,0,16,3
27,0,17,2
27,0,18,3
27,0,19,3
27,0,20,2
27,0,21,3
27,0,22,2
27,0,23,2
27,0,24,2
27,0,25,2
27,0,26,3
27,0,27,3
27,0,28,2
27,0,29,3
27,0,30,2
27,0,31,3
27,0,32,2
27,0,33,2
27,0,34,3
27,4,13,1
27,4,26,0
27,4,33,0
27,5,12,0
27,5,26,0
27,6,9,0
27,6,10,0
27,6,11,0
27,6,12,0
27,6,13,0
27,6,14,0
27,6,26,0
27,6,27,0
27,7,9,0
27,7,11,0
27,7,13,0
27,7,27,0
27,8,8,0
27,8,9,0
27,8,11,0
27,8,13,0
27,8,26,0
27,8,27,0
27,9,4,0
27,9,8,0
27,9,10,0
27,9,11,0
27,9,13,0
27,9,26,0
27,10,4,0
27,10,8,0
27,10,10,0
27,10,13,1
27,10,24,0
27,10,27,0
27,11,4,0
27,11,8,1
27,11,10,0
27,11,24,0
27,11,27,0
27,12,9,0
27,12,10,0
27,12,24,0
27,12,25,0
27,12,27,1
27,13,9,0
27,13,25,0
27,14,9,0
27,14,10,0
27,14,25,0
27,15,10,0
27,15,25,0
27,16,10,0
27,16,25,1
27,17,10,0
27,17,11,0
27,18,11,0
27,19,11,0
28,0,0,2
28,0,1,2
28,0,2,2
28,0,3,3
28,0,4,3
28,0,5,3
28,0,6,2
28,0,7,2
28,0,8,2
28,0,9,2
28,0,10,3
28,0,11,3
28,0,12,2
28,0,13,2
28,0,14,2
28,0,15,2
28,0,16,3
28,0,17,2
28,0,18,3
28,0,19,2
28,0,20,2
28,0,21,2
28,0,22,3
28,0,23,2
28,0,24,3
28,0,25,3
28,0,26,3
28,0,27,3
28,0,28,3
28,0,29,2
28,0,30,2
28,0,31,2
28,0,32,2
28,0,33,2
28,1,11,0
28,1,26,0
28,2,11,0
28,2,25,1
28,2,26,0
28,3,10,0
28,3,11,0
28,3,26,0
28,4,11,0
28,4,12,0
28,4,13,0
28,4,25,0
28,4,26,0
28,4,27,0
28,4,28,0
28,4,33,0
28,5,12,0
28,5,24,0
28,5,25,0
28,5,28,0
28,5,33,0
28,6,23,0
28,6,24,0
28,6,28,1
28,6,33,0
28,6,34,0
28,7,23,0
28,7,34,0
28,8,9,0
28,8,12,0
28,8,23,0
28,8,24,0
28,8,27,0
28,8,34,0
28,8,35,0
28,9,9,0
28,9,12,0
28,9,24,0
28,9,27,0
28,9,35,0
28,10,9,1
28,10,12,0
28,10,24,0
28,10,26,0
28,10,27,0
28,10,35,0
28,11,12,0
28,11,26,0
28,12,11,0
28,12,12,0
28,12,26,0
28,13,11,0
28,14,9,0
28,14,11,0
28,15,9,0
28,15,11,0
28,16,9,0
28,16,11,1
28,17,8,0
28,17,9,0
28,18,8,0
28,19,8,1
29,0,0,3
29,0,1,3
29,0,2,2
29,0,3,2
29,0,4,2
29,0,5,3
29,0,6,3
29,0,7,3
29,0,8,2
29,0,9,3
29,0,10,3
29,0,11,2
29,0,12,2
29,0,13,3
29,0,14,3
29,0,15,3
29,0,16,2
29,0,17,3
29,0,18,2
29,0,19,2
29,0,20,2
29,0,21,2
29,0,22,3
29,0,23,2
29,0,24,2
29,0,25,3
29,0,26,3
29,0,27,3
29,0,28,2
29,0,29,2
29,0,30,2
29,0,31,2
29,0,32,2
29,0,33,2
29,3,10,1
29,4,11,0
29,4,26,0
29,5,11,0
29,5,24,1
29,5,26,0
29,6,26,0
29,6,27,0
29,7,12,0
29,8,11,0
29,8,12,0
29,9,11,0
29,10,11,0
29,10,24,0
29,10,35,0
29,11,11,1
29,11,24,0
29,11,35,0
29,12,24,0
29,12,26,0
29,12,35,0
29,13,23,0
29,13,24,0
29,13,26,0
29,13,35,1
29,14,23,0
29,14,26,0
29,15,23,0
29,15,26,1
29,16,22,0
29,16,23,0
29,16,24,0
29,17,22,0
29,17,24,0
29,18,22,0
29,18,24,1
29,19,22,0
30,0,0,2
30,0,1,2
30,0,2,3
30,0,3,2
30,0,4,3
30,0,5,3
30,0,6,3
30,0,7,2
30,0,8,3
30,0,9,3
30,0,10,2
30,0,11,2
30,0,12,2
30,0,13,3
30,0,14,3
30,0,15,2
30,0,16,2
30,0,17,3
30,0,18,2
30,0,19,2
30,0,20,3
30,0,21,3
30,0,22,2
30,0,23,2
30,0,24,2
30,0,25,2
30,0,26,3
30,0,27,2
30,0,28,3
30,0,29,2
30,0,30,3
30,0,31,3
30,0,32,3
30,0,33,2
30,5,11,0
30,6,11,0
30,6,12,0
30,6,26,0
30,7,12,0
30,7,25,0
30,7,26,0
30,7,27,0
30,8,25,0
30,8,27,0
30,9,25,0
30,9,27,0
30,10,25,1
30,10,27,0
30,10,29,0
30,11,27,1
30,11,29,0
30,12,29,0
30,13,29,1
30,16,23,0
30,17,23,0
30,18,23,0
30,19,23,1
31,0,0,3
31,0,1,3
31,0,2,2
31,0,3,2
31,0,4,3
31,0,5,2
31,0,6,2
31,0,7,2
31,0,8,3
31,0,9,2
31,0,10,2
31,0,11,3
31,0,12,3
31,0,13,2
31,0,14,2
31,0,15,3
31,0,16,2
31,0,17,2
31,0,18,3
31,0,19,2
31,0,20,3
31,0,21,2
31,0,22,2
31,0,23,3
31,0,24,2
31,0,25,2
31,0,26,3
31,0,27,2
31,0,28,2
31,0,29,3
31,0,30,2
31,0,31,2
31,0,32,3
31,5,10,0
31,5,11,0
31,6,10,0
31,6,25,1
31,6,26,0
31,6,27,0
31,6,28,0
31,7,10,1
31,7,28,0
31,8,28,0
31,8,29,0
31,9,29,0
31,10,28,0
31,10,29,0
31,10,30,0
31,11,28,0
31,11,30,0
31,12,28,1
31,12,30,1
32,0,1,2
32,0,2,3
32,0,3,3
32,0,4,2
32,0,5,2
32,0,6,3
32,0,7,3
32,0,8,3
32,0,9,3
32,0,10,2
32,0,11,2
32,0,12,3
32,0,13,2
32,0,14,2
32,0,15,2
32,0,16,3
32,0,17,2
32,0,18,3
32,0,19,3
32,0,20,3
32,0,21,2
32,0,22,2
32,0,23,2
32,0,24,3
32,0,25,2
32,0,26,3
32,0,27,2
32,0,28,2
32,0,29,2
32,0,30,3
32,0,31,2
32,1,6,5
32,1,23,5
32,3,8,4
32,8,11,5
32,8,28,0
32,9,28,0
32,10,13,7
32,12,14,6
33,0,1,2
33,0,2,2
33,0,3,3
33,0,4,2
33,0,5,3
33,0,6,3
33,0,7,2
33,0,8,2
33,0,9,3
33,0,10,2
33,0,11,3
33,0,12,2
33,0,13,3
33,0,14,3
33,0,15,2
33,0,16,2
33,0,17,3
33,0,18,2
33,0,19,2
33,0,20,2
33,0,21,2
33,0,22,3
33,0,23,3
33,0,24,3
33,0,25,3
33,0,26,2
33,0,27,3
33,0,28,2
33,0,29,2
33,0,30,2
33,0,31,2
33,1,5,4
33,1,6,4
33,1,22,4
33,1,23,4
33,1,24,5
33,1,25,5
33,2,5,5
33,2,6,5
33,2,23,5
33,2,24,5
33,3,7,4
33,3,8,5
33,3,17,1
33,3,25,5
33,4,8,5
33,4,9,5
33,4,25,5
33,4,26,4
33,5,8,4
33,5,9,5
33,5,10,4
33,5,26,5
33,5,27,4
33,6,10,6
33,6,26,6
33,6,27,5
33,7,11,7
33,7,26,6
33,7,27,6
33,8,11,7
33,9,12,7
33,9,13,6
33,9,28,0
33,10,12,6
33,10,13,5
33,10,14,6
33,10,28,0
33,11,13,5
33,11,14,5
33,11,28,0
33,12,14,6
33,12,15,6
33,12,28,1
33,13,15,6
33,14,16,7
34,0,2,2
34,0,3,2
34,0,4,2
34,0,5,2
34,0,6,3
34,0,7,3
34,0,8,2
34,0,9,2
34,0,10,3
34,0,11,3
34,0,12,3
34,0,13,3
34,0,14,3
34,0,15,2
34,0,16,2
34,0,17,2
34,0,18,3
34,0,19,3
34,0,20,2
34,0,21,2
34,0,22,2
34,0,23,2
34,0,24,3
34,0,25,3
34,0,26,3
34,0,27,2
34,0,28,2
34,0,29,2
34,0,30,2
34,1,4,5
34,1,5,5
34,1,6,5
34,1,7,5
34,1,21,4
34,1,22,4
34,1,23,4
34,1,24,5
34,2,6,4
34,2,7,5
34,2,8,4
34,2,9,4
34,2,22,5
34,2,23,4
34,2,24,5
34,2,25,5
34,3,6,4
34,3,7,5
34,3,8,5
34,3,9,5
34,3,17,0
34,3,24,5
34,3,25,5
34,3,26,4
34,4,9,5
34,4,10,5
34,4,17,0
34,4,24,4
34,4,25,5
34,4,26,4
34,4,27,5
34,5,9,4
34,5,10,4
34,5,17,1
34,5,25,4
34,5,26,4
34,5,27,4
34,5,28,5
34,6,9,6
34,6,10,5
34,6,11,5
34,6,16,1
34,6,26,6
34,6,27,5
34,6,28,6
34,6,29,5
34,7,10,5
34,7,11,6
34,7,17,0
34,7,27,6
34,7,28,6
34,7,29,5
34,8,10,5
34,8,11,7
34,8,12,7
34,8,17,0
34,8,28,6
34,9,11,6
34,9,12,6
34,9,13,5
34,9,14,7
34,9,17,1
34,10,12,5
34,10,13,6
34,10,14,6
34,11,13,5
34,11,14,7
34,11,15,7
34,12,14,6
34,12,15,5
34,12,16,6
34,13,15,7
34,13,16,6
34,14,16,7
34,14,34,6
34,15,17,7
35,0,4,2
35,0,5,3
35,0,6,2
35,0,7,2
35,0,8,2
35,0,9,3
35,0,10,3
35,0,11,3
35,0,12,3
35,0,13,3
35,0,14,2
35,0,15,2
35,0,16,2
35,0,17,3
35,0,18,3
35,0,19,2
35,0,20,2
35,0,21,2
35,0,22,3
35,0,23,2
35,0,24,3
35,0,25,2
35,0,26,3
35,0,27,3
35,0,28,2
35,0,29,2
35,1,5,4
35,1,6,5
35,1,7,5
35,1,17,0
35,1,21,5
35,1,22,5
35,1,23,5
35,2,6,5
35,2,8,4
35,2,17,0
35,2,22,5
35,2,24,4
35,2,25,5
35,3,9,4
35,3,16,0
35,3,17,0
35,3,18,0
35,4,15,0
35,4,16,0
35,4,18,0
35,4,24,5
35,4,25,4
35,4,26,4
35,5,10,5
35,5,15,1
35,5,18,1
35,5,26,5
35,5,27,5
35,6,10,5
35,6,16,0
35,6,17,0
35,6,28,6
35,7,11,6
35,7,17,0
35,7,18,0
35,7,19,1
35,7,28,6
35,7,29,5
35,8,11,7
35,8,12,5
35,8,18,0
35,8,28,5
35,8,29,7
35,9,11,5
35,9,12,5
35,9,13,6
35,9,18,0
35,9,29,7
35,9,30,7
35,10,12,6
35,10,13,7
35,10,17,0
35,10,18,0
35,10,19,0
35,10,30,5
35,10,31,6
35,10,32,7
35,11,14,6
35,11,17,0
35,11,19,0
35,11,31,5
35,11,32,7
35,12,15,7
35,12,17,0
35,12,19,0
35,13,17,0
35,13,19,1
35,13,33,5
35,14,17,1
36,0,5,2
36,0,6,3
36,0,7,3
36,0,8,3
36,0,9,3
36,0,10,2
36,0,11,2
36,0,12,3
36,0,13,2
36,0,14,3
36,0,15,2
36,0,16,3
36,0,17,2
36,0,18,2
36,0,19,3
36,0,20,2
36,0,21,3
36,0,22,2
36,0,23,2
36,0,24,2
36,0,25,3
36,0,26,2
36,0,27,2
36,0,28,3
36,1,6,4
36,1,22,4
36,1,24,4
36,1,25,5
36,3,17,0
36,4,17,0
36,5,17,0
36,6,17,0
36,8,29,7
36,8,30,5
36,9,11,5
36,9,29,5
36,9,30,7
36,9,31,6
36,10,29,5
36,10,30,7
36,10,31,5
36,11,31,7
36,12,32,5
37,0,6,2
37,0,7,3
37,0,8,3
37,0,9,2
37,0,10,2
37,0,11,2
37,0,12,2
37,0,13,3
37,0,14,3
37,0,15,2
37,0,16,2
37,0,17,2
37,0,18,3
37,0,19,3
37,0,20,2
37,0,21,2
37,0,22,2
37,0,23,3
37,0,24,2
37,0,25,3
37,0,26,2
37,0,27,2
37,0,28,2
37,3,17,1
37,5,17,1
37,9,29,7
37,10,31,5
37,10,32,5
37,12,32,5
38,0,9,3
38,0,10,2
38,0,11,2
38,0,12,3
38,0,13,3
38,0,14,2
38,0,15,2
38,0,16,3
38,0,17,2
38,0,18,3
38,0,19,2
38,0,20,2
38,0,21,2
38,0,22,3
38,0,23,2
38,0,24,3
38,0,25,3
38,0,26,3
38,0,27,2
38,0,28,3
38,10,31,7
19,17,54,28
