5536
0,5,0,0
0,5,1,0
0,5,2,0
0,5,3,0
0,5,4,0
0,5,5,0
0,5,6,0
0,5,7,0
0,5,8,0
0,5,9,0
0,5,10,0
0,5,11,0
0,5,12,0
0,5,13,0
0,5,14,0
0,5,15,0
0,5,16,0
0,5,17,0
0,5,18,0
0,5,19,1
0,5,20,0
0,5,21,0
0,5,22,0
0,5,23,0
0,5,24,0
0,5,25,0
0,5,26,0
0,5,27,0
0,5,28,0
0,5,29,0
0,5,30,0
0,5,31,0
0,5,32,0
0,6,0,0
0,6,1,0
0,6,2,0
0,6,3,0
0,6,4,0
0,6,5,0
0,6,6,0
0,6,7,0
0,6,8,0
0,6,9,0
0,6,10,0
0,6,11,0
0,6,12,0
0,6,13,0
0,6,14,0
0,6,15,0
0,6,16,0
0,6,17,0
0,6,18,0
0,6,19,0
0,6,20,0
0,6,21,0
0,6,22,0
0,6,23,0
0,6,24,0
0,6,25,0
0,6,26,0
0,6,27,0
0,6,28,0
0,6,29,0
0,6,30,0
0,6,31,0
0,6,32,0
0,7,0,0
0,7,1,0
0,7,2,0
0,7,3,0
0,7,4,0
0,7,5,0
0,7,6,0
0,7,7,0
0,7,8,0
0,7,9,0
0,7,10,0
0,7,11,0
0,7,12,0
0,7,13,0
0,7,14,0
0,7,15,0
0,7,16,0
0,7,17,0
0,7,18,0
0,7,19,0
0,7,20,0
0,7,21,0
0,7,22,0
0,7,23,0
0,7,24,0
0,7,25,0
0,7,26,0
0,7,27,0
0,7,28,0
0,7,29,0
0,7,30,0
0,7,31,0
0,7,32,0
0,8,0,0
0,8,1,0
0,8,2,0
0,8,3,0
0,8,4,0
0,8,5,0
0,8,6,0
0,8,7,0
0,8,8,0
0,8,9,0
0,8,10,0
0,8,11,0
0,8,12,0
0,8,13,0
0,8,14,0
0,8,15,0
0,8,16,0
0,8,17,0
0,8,18,0
0,8,19,0
0,8,20,0
0,8,21,0
0,8,22,0
0,8,23,0
0,8,24,0
0,8,25,0
0,8,26,0
0,8,27,0
0,8,28,0
0,8,29,0
0,8,30,0
0,8,31,0
0,8,32,0
0,9,0,0
0,9,1,0
0,9,2,0
0,9,3,0
0,9,4,0
0,9,5,0
0,9,6,0
0,9,7,0
0,9,8,0
0,9,9,0
0,9,10,0
0,9,11,0
0,9,12,0
0,9,13,0
0,9,14,0
0,9,15,0
0,9,16,0
0,9,17,0
0,9,18,0
0,9,19,0
0,9,20,0
0,9,21,0
0,9,22,0
0,9,23,0
0,9,24,0
0,9,25,0
0,9,26,0
0,9,27,0
0,9,28,0
0,9,29,0
0,9,30,0
0,9,31,0
0,9,32,0
0,10,0,0
0,10,1,0
0,10,2,0
0,10,3,0
0,10,4,0
0,10,5,0
0,10,6,0
0,10,7,0
0,10,8,0
0,10,9,0
0,10,10,0
0,10,11,0
0,10,12,0
0,10,13,0
0,10,14,0
0,10,15,0
0,10,16,0
0,10,17,0
0,10,18,0
0,10,19,0
0,10,20,0
0,10,21,0
0,10,22,0
0,10,23,0
0,10,24,0
0,10,25,0
0,10,26,0
0,10,27,0
0,10,28,0
0,10,29,0
0,10,30,0
0,10,31,0
0,10,32,0
0,11,0,0
0,11,1,0
0,11,2,0
0,11,3,0
0,11,4,0
0,11,5,0
0,11,6,0
0,11,7,0
0,11,8,0
0,11,9,0
0,11,10,0
0,11,11,0
0,11,12,0
0,11,13,0
0,11,14,0
0,11,15,0
0,11,16,0
0,11,17,0
0,11,18,0
0,11,19,0
0,11,20,0
0,11,21,0
0,11,22,0
0,11,23,0
0,11,24,0
0,11,25,0
0,11,26,0
0,11,27,0
0,11,28,0
0,11,29,0
0,11,30,0
0,11,31,0
0,11,32,0
0,12,0,0
0,12,1,0
0,12,2,0
0,12,3,0
0,12,4,0
0,12,5,0
0,12,6,0
0,12,7,0
0,12,8,0
0,12,9,0
0,12,10,0
0,12,11,0
0,12,12,0
0,12,13,0
0,12,14,0
0,12,15,0
0,12,16,0
0,12,17,0
0,12,18,0
0,12,19,0
0,12,20,0
0,12,21,0
0,12,22,0
0,12,23,0
0,12,24,0
0,12,25,0
0,12,26,0
0,12,27,0
0,12,28,0
0,12,29,0
0,12,30,0
0,12,31,0
0,12,32,0
0,13,0,0
0,13,1,0
0,13,2,0
0,13,3,0
0,13,4,0
0,13,5,0
0,13,6,0
0,13,7,0
0,13,8,0
0,13,9,0
0,13,10,0
0,13,11,0
0,13,12,0
0,13,13,0
0,13,14,0
0,13,15,0
0,13,16,0
0,13,17,0
0,13,18,0
0,13,19,0
0,13,20,0
0,13,21,0
0,13,22,0
0,13,23,0
0,13,24,0
0,13,25,0
0,13,26,0
0,13,27,0
0,13,28,0
0,13,29,0
0,13,30,0
0,13,31,0
1,5,0,0
1,5,1,0
1,5,2,0
1,5,3,0
1,5,4,0
1,5,5,0
1,5,6,0
1,5,7,0
1,5,8,0
1,5,9,0
1,5,10,0
1,5,11,0
1,5,12,0
1,5,13,0
1,5,14,0
1,5,15,0
1,5,16,0
1,5,17,0
1,5,18,0
1,5,19,1
1,5,20,0
1,5,21,0
1,5,22,0
1,5,23,0
1,5,24,0
1,5,25,0
1,5,26,0
1,5,27,0
1,5,28,0
1,5,29,0
1,5,30,0
1,5,31,0
1,5,32,0
1,6,0,0
1,6,1,0
1,6,2,0
1,6,3,0
1,6,4,0
1,6,5,0
1,6,6,0
1,6,7,0
1,6,8,0
1,6,9,0
1,6,10,0
1,6,11,0
1,6,12,0
1,6,13,0
1,6,14,0
1,6,15,0
1,6,16,0
1,6,17,0
1,6,18,0
1,6,19,0
1,6,20,0
1,6,21,0
1,6,22,0
1,6,23,0
1,6,24,0
1,6,25,0
1,6,26,0
1,6,27,0
1,6,28,0
1,6,29,0
1,6,30,0
1,6,31,0
1,6,32,0
1,7,0,0
1,7,1,0
1,7,2,0
1,7,3,0
1,7,4,0
1,7,5,0
1,7,6,0
1,7,7,0
1,7,8,0
1,7,9,0
1,7,10,0
1,7,11,0
1,7,12,0
1,7,13,0
1,7,14,0
1,7,15,0
1,7,16,0
1,7,17,0
1,7,18,0
1,7,19,0
1,7,20,0
1,7,21,0
1,7,22,0
1,7,23,0
1,7,24,0
1,7,25,0
1,7,26,0
1,7,27,0
1,7,28,0
1,7,29,0
1,7,30,0
1,7,31,0
1,7,32,0
1,8,0,0
1,8,1,0
1,8,2,0
1,8,3,0
1,8,4,0
1,8,5,0
1,8,6,0
1,8,7,0
1,8,8,0
1,8,9,0
1,8,10,0
1,8,11,0
1,8,12,0
1,8,13,0
1,8,14,0
1,8,15,0
1,8,16,0
1,8,17,0
1,8,18,0
1,8,19,0
1,8,20,0
1,8,21,0
1,8,22,0
1,8,23,0
1,8,24,0
1,8,25,0
1,8,26,0
1,8,27,0
1,8,28,0
1,8,29,0
1,8,30,0
1,8,31,0
1,8,32,0
1,9,0,0
1,9,1,0
1,9,2,0
1,9,3,0
1,9,4,0
1,9,5,0
1,9,6,0
1,9,7,0
1,9,8,0
1,9,9,0
1,9,10,0
1,9,11,0
1,9,12,0
1,9,13,0
1,9,14,0
1,9,15,0
1,9,16,0
1,9,17,0
1,9,18,0
1,9,19,0
1,9,20,0
1,9,21,0
1,9,22,0
1,9,23,0
1,9,24,0
1,9,25,0
1,9,26,0
1,9,27,0
1,9,28,0
1,9,29,0
1,9,30,0
1,9,31,0
1,9,32,0
1,10,0,0
1,10,1,0
1,10,2,0
1,10,3,0
1,10,4,0
1,10,5,0
1,10,6,0
1,10,7,0
1,10,8,0
1,10,9,0
1,10,10,0
1,10,11,0
1,10,12,0
1,10,13,0
1,10,14,0
1,10,15,0
1,10,16,0
1,10,17,0
1,10,18,0
1,10,19,0
1,10,20,0
1,10,21,0
1,10,22,0
1,10,23,0
1,10,24,0
1,10,25,0
1,10,26,0
1,10,27,0
1,10,28,0
1,10,29,0
1,10,30,0
1,10,31,0
1,10,32,0
1,11,0,0
1,11,1,0
1,11,2,0
1,11,3,0
1,11,4,0
1,11,5,0
1,11,6,0
1,11,7,0
1,11,8,0
1,11,9,0
1,11,10,0
1,11,11,0
1,11,12,0
1,11,13,0
1,11,14,0
1,11,15,0
1,11,16,0
1,11,17,0
1,11,18,0
1,11,19,0
1,11,20,0
1,11,21,0
1,11,22,0
1,11,23,0
1,11,24,0
1,11,25,0
1,11,26,0
1,11,27,0
1,11,28,0
1,11,29,0
1,11,30,0
1,11,31,0
1,11,32,0
1,12,0,0
1,12,1,0
1,12,2,0
1,12,3,0
1,12,4,0
1,12,5,0
1,12,6,0
1,12,7,0
1,12,8,0
1,12,9,0
1,12,10,0
1,12,11,0
1,12,12,0
1,12,13,0
1,12,14,0
1,12,15,0
1,12,16,0
1,12,17,0
1,12,18,0
1,12,19,0
1,12,20,0
1,12,21,0
1,12,22,0
1,12,23,0
1,12,24,0
1,12,25,0
1,12,26,0
1,12,27,0
1,12,28,0
1,12,29,0
1,12,30,0
1,12,31,0
1,12,32,0
1,13,0,0
1,13,1,0
1,13,2,0
1,13,3,0
1,13,4,0
1,13,5,0
1,13,6,0
1,13,7,0
1,13,8,0
1,13,9,0
1,13,10,0
1,13,11,0
1,13,12,0
1,13,13,0
1,13,14,0
1,13,15,0
1,13,16,0
1,13,17,0
1,13,18,0
1,13,19,0
1,13,20,0
1,13,21,0
1,13,22,0
1,13,23,0
1,13,24,0
1,13,25,0
1,13,26,0
1,13,27,0
1,13,28,0
1,13,29,0
1,13,30,0
1,13,31,0
1,13,32,0
2,5,0,0
2,5,1,0
2,5,2,0
2,5,3,0
2,5,4,0
2,5,5,0
2,5,6,0
2,5,7,0
2,5,8,0
2,5,9,0
2,5,10,0
2,5,11,0
2,5,12,0
2,5,13,0
2,5,14,0
2,5,15,0
2,5,16,0
2,5,17,0
2,5,18,1
2,5,19,1
2,5,20,0
2,5,21,0
2,5,22,0
2,5,23,0
2,5,24,0
2,5,25,0
2,5,26,0
2,5,27,0
2,5,28,0
2,5,29,0
2,5,30,0
2,5,31,0
2,5,32,0
2,6,0,0
2,6,1,0
2,6,2,0
2,6,3,0
2,6,4,0
2,6,5,0
2,6,6,0
2,6,7,0
2,6,8,0
2,6,9,0
2,6,10,0
2,6,11,0
2,6,12,0
2,6,13,0
2,6,14,0
2,6,15,0
2,6,16,0
2,6,17,0
2,6,18,0
2,6,19,0
2,6,20,0
2,6,21,0
2,6,22,0
2,6,23,0
2,6,24,0
2,6,25,0
2,6,26,0
2,6,27,0
2,6,28,0
2,6,29,0
2,6,30,0
2,6,31,0
2,6,32,0
2,7,0,0
2,7,1,0
2,7,2,0
2,7,3,0
2,7,4,0
2,7,5,0
2,7,6,0
2,7,7,0
2,7,8,0
2,7,9,0
2,7,10,0
2,7,11,0
2,7,12,0
2,7,13,0
2,7,14,0
2,7,15,0
2,7,16,0
2,7,17,0
2,7,18,0
2,7,19,0
2,7,20,0
2,7,21,0
2,7,22,0
2,7,23,0
2,7,24,0
2,7,25,0
2,7,26,0
2,7,27,0
2,7,28,0
2,7,29,0
2,7,30,0
2,7,31,0
2,7,32,0
2,8,0,0
2,8,1,0
2,8,2,0
2,8,3,0
2,8,4,0
2,8,5,0
2,8,6,0
2,8,7,0
2,8,8,0
2,8,9,0
2,8,10,0
2,8,11,0
2,8,12,0
2,8,13,0
2,8,14,0
2,8,15,0
2,8,16,0
2,8,17,0
2,8,18,0
2,8,19,0
2,8,20,0
2,8,21,0
2,8,22,0
2,8,23,0
2,8,24,0
2,8,25,0
2,8,26,0
2,8,27,0
2,8,28,0
2,8,29,0
2,8,30,0
2,8,31,0
2,8,32,0
2,9,0,0
2,9,1,0
2,9,2,0
2,9,3,0
2,9,4,0
2,9,5,0
2,9,6,0
2,9,7,0
2,9,8,0
2,9,9,0
2,9,10,0
2,9,11,0
2,9,12,0
2,9,13,0
2,9,14,0
2,9,15,0
2,9,16,0
2,9,17,0
2,9,18,0
2,9,19,0
2,9,20,0
2,9,21,0
2,9,22,0
2,9,23,0
2,9,24,0
2,9,25,0
2,9,26,0
2,9,27,0
2,9,28,0
2,9,29,0
2,9,30,0
2,9,31,0
2,9,32,0
2,10,0,0
2,10,1,0
2,10,2,0
2,10,3,0
2,10,4,0
2,10,5,0
2,10,6,0
2,10,7,0
2,10,8,0
2,10,9,0
2,10,10,0
2,10,11,0
2,10,12,0
2,10,13,0
2,10,14,0
2,10,15,0
2,10,16,0
2,10,17,0
2,10,18,0
2,10,19,0
2,10,20,0
2,10,21,0
2,10,22,0
2,10,23,0
2,10,24,0
2,10,25,0
2,10,26,0
2,10,27,0
2,10,28,0
2,10,29,0
2,10,30,0
2,10,31,0
2,10,32,0
2,11,0,0
2,11,1,0
2,11,2,0
2,11,3,0
2,11,4,0
2,11,5,0
2,11,6,0
2,11,7,0
2,11,8,0
2,11,9,0
2,11,10,0
2,11,11,0
2,11,12,0
2,11,13,0
2,11,14,0
2,11,15,0
2,11,16,0
2,11,17,0
2,11,18,0
2,11,19,0
2,11,20,0
2,11,21,0
2,11,22,0
2,11,23,0
2,11,24,0
2,11,25,0
2,11,26,0
2,11,27,0
2,11,28,0
2,11,29,0
2,11,30,0
2,11,31,0
2,11,32,0
2,12,0,0
2,12,1,0
2,12,2,0
2,12,3,0
2,12,4,0
2,12,5,0
2,12,6,0
2,12,7,0
2,12,8,0
2,12,9,0
2,12,10,0
2,12,11,0
2,12,12,0
2,12,13,0
2,12,14,0
2,12,15,0
2,12,16,0
2,12,17,0
2,12,18,0
2,12,19,0
2,12,20,0
2,12,21,0
2,12,22,0
2,12,23,0
2,12,24,0
2,12,25,0
2,12,26,0
2,12,27,0
2,12,28,0
2,12,29,0
2,12,30,0
2,12,31,0
2,12,32,0
2,13,0,0
2,13,1,0
2,13,2,0
2,13,3,0
2,13,4,0
2,13,5,0
2,13,6,0
2,13,7,0
2,13,8,0
2,13,9,0
2,13,10,0
2,13,11,0
2,13,12,0
2,13,13,0
2,13,14,0
2,13,15,0
2,13,16,0
2,13,17,0
2,13,18,0
2,13,19,0
2,13,20,0
2,13,21,0
2,13,22,0
2,13,23,0
2,13,24,0
2,13,25,0
2,13,26,0
2,13,27,0
2,13,28,0
2,13,29,0
2,13,30,0
2,13,31,0
2,13,32,0
3,5,0,0
3,5,1,0
3,5,2,0
3,5,3,0
3,5,4,0
3,5,5,0
3,5,6,0
3,5,7,0
3,5,8,0
3,5,9,0
3,5,10,0
3,5,11,0
3,5,12,0
3,5,13,0
3,5,14,0
3,5,15,0
3,5,16,0
3,5,17,1
3,5,18,1
3,5,19,1
3,5,20,0
3,5,21,0
3,5,22,0
3,5,23,0
3,5,24,0
3,5,25,0
3,5,26,0
3,5,27,0
3,5,28,0
3,5,29,0
3,5,30,0
3,5,31,0
3,5,32,0
3,6,0,0
3,6,1,0
3,6,2,0
3,6,3,0
3,6,4,0
3,6,5,0
3,6,6,0
3,6,7,0
3,6,8,0
3,6,9,0
3,6,10,0
3,6,11,0
3,6,12,0
3,6,13,0
3,6,14,0
3,6,15,0
3,6,16,0
3,6,17,0
3,6,18,0
3,6,19,0
3,6,20,0
3,6,21,0
3,6,22,0
3,6,23,0
3,6,24,0
3,6,25,0
3,6,26,0
3,6,27,0
3,6,28,0
3,6,29,0
3,6,30,0
3,6,31,0
3,6,32,0
3,7,0,0
3,7,1,0
3,7,2,0
3,7,3,0
3,7,4,0
3,7,5,0
3,7,6,0
3,7,7,0
3,7,8,0
3,7,9,0
3,7,10,0
3,7,11,0
3,7,12,0
3,7,13,0
3,7,14,0
3,7,15,0
3,7,16,0
3,7,17,0
3,7,18,0
3,7,19,0
3,7,20,0
3,7,21,0
3,7,22,0
3,7,23,0
3,7,24,0
3,7,25,0
3,7,26,0
3,7,27,0
3,7,28,0
3,7,29,0
3,7,30,0
3,7,31,0
3,7,32,0
3,8,0,0
3,8,1,0
3,8,2,0
3,8,3,0
3,8,4,0
3,8,5,0
3,8,6,0
3,8,7,0
3,8,8,0
3,8,9,0
3,8,10,0
3,8,11,0
3,8,12,0
3,8,13,0
3,8,14,0
3,8,15,0
3,8,16,0
3,8,17,0
3,8,18,0
3,8,19,0
3,8,20,0
3,8,21,0
3,8,22,0
3,8,23,0
3,8,24,0
3,8,25,0
3,8,26,0
3,8,27,0
3,8,28,0
3,8,29,0
3,8,30,0
3,8,31,0
3,8,32,0
3,9,0,0
3,9,1,0
3,9,2,0
3,9,3,0
3,9,4,0
3,9,5,0
3,9,6,0
3,9,7,0
3,9,8,0
3,9,9,0
3,9,10,0
3,9,11,0
3,9,12,0
3,9,13,0
3,9,14,0
3,9,15,0
3,9,16,0
3,9,17,0
3,9,18,0
3,9,19,0
3,9,20,0
3,9,21,0
3,9,22,0
3,9,23,0
3,9,24,0
3,9,25,0
3,9,26,0
3,9,27,0
3,9,28,0
3,9,29,0
3,9,30,0
3,9,31,0
3,9,32,0
3,10,0,0
3,10,1,0
3,10,2,0
3,10,3,0
3,10,4,0
3,10,5,0
3,10,6,0
3,10,7,0
3,10,8,0
3,10,9,0
3,10,10,0
3,10,11,0
3,10,12,0
3,10,13,0
3,10,14,0
3,10,15,0
3,10,16,0
3,10,17,0
3,10,18,0
3,10,19,0
3,10,20,0
3,10,21,0
3,10,22,0
3,10,23,0
3,10,24,0
3,10,25,0
3,10,26,0
3,10,27,0
3,10,28,0
3,10,29,0
3,10,30,0
3,10,31,0
3,10,32,0
3,11,0,0
3,11,1,0
3,11,2,0
3,11,3,0
3,11,4,0
3,11,5,0
3,11,6,0
3,11,7,0
3,11,8,0
3,11,9,0
3,11,10,0
3,11,11,0
3,11,12,0
3,11,13,0
3,11,14,0
3,11,15,0
3,11,16,0
3,11,17,0
3,11,18,0
3,11,19,0
3,11,20,0
3,11,21,0
3,11,22,0
3,11,23,0
3,11,24,0
3,11,25,0
3,11,26,0
3,11,27,0
3,11,28,0
3,11,29,0
3,11,30,0
3,11,31,0
3,11,32,0
3,12,0,0
3,12,1,0
3,12,2,0
3,12,3,0
3,12,4,0
3,12,5,0
3,12,6,0
3,12,7,0
3,12,8,0
3,12,9,0
3,12,10,0
3,12,11,0
3,12,12,0
3,12,13,0
3,12,14,0
3,12,15,0
3,12,16,0
3,12,17,0
3,12,18,0
3,12,19,0
3,12,20,0
3,12,21,0
3,12,22,0
3,12,23,0
3,12,24,0
3,12,25,0
3,12,26,0
3,12,27,0
3,12,28,0
3,12,29,0
3,12,30,0
3,12,31,0
3,12,32,0
3,13,0,0
3,13,1,0
3,13,2,0
3,13,3,0
3,13,4,0
3,13,5,0
3,13,6,0
3,13,7,0
3,13,8,0
3,13,9,0
3,13,10,0
3,13,11,0
3,13,12,0
3,13,13,0
3,13,14,0
3,13,15,0
3,13,16,0
3,13,17,0
3,13,18,0
3,13,19,0
3,13,20,0
3,13,21,0
3,13,22,0
3,13,23,0
3,13,24,0
3,13,25,0
3,13,26,0
3,13,27,0
3,13,28,0
3,13,29,0
3,13,30,0
3,13,31,0
3,13,32,0
4,3,7,2
4,3,22,2
4,4,7,1
4,4,8,3
4,4,9,3
4,4,10,3
4,4,11,3
4,4,12,3
4,4,13,3
4,4,14,3
4,4,15,3
4,4,16,3
4,4,17,3
4,4,18,3
4,4,19,3
4,4,20,3
4,4,21,3
4,4,22,1
4,5,0,0
4,5,1,0
4,5,2,0
4,5,3,0
4,5,4,0
4,5,5,0
4,5,6,1
4,5,7,1
4,5,8,3
4,5,9,3
4,5,10,3
4,5,11,3
4,5,12,3
4,5,13,3
4,5,14,3
4,5,15,3
4,5,16,3
4,5,17,1
4,5,18,1
4,5,19,1
4,5,20,3
4,5,21,3
4,5,22,1
4,5,23,3
4,5,24,0
4,5,25,0
4,5,26,0
4,5,27,0
4,5,28,0
4,5,29,0
4,5,30,0
4,5,31,0
4,5,32,0
4,6,0,0
4,6,1,0
4,6,2,0
4,6,3,0
4,6,4,0
4,6,5,0
4,6,6,0
4,6,7,4
4,6,8,0
4,6,9,0
4,6,10,0
4,6,11,0
4,6,12,0
4,6,13,0
4,6,14,0
4,6,15,0
4,6,16,0
4,6,17,0
4,6,18,0
4,6,19,0
4,6,20,0
4,6,21,0
4,6,22,4
4,6,23,0
4,6,24,0
4,6,25,0
4,6,26,0
4,6,27,0
4,6,28,0
4,6,29,0
4,6,30,0
4,6,31,0
4,6,32,0
4,7,0,0
4,7,1,0
4,7,2,0
4,7,3,0
4,7,4,0
4,7,5,0
4,7,6,0
4,7,7,0
4,7,8,0
4,7,9,0
4,7,10,0
4,7,11,0
4,7,12,0
4,7,13,0
4,7,14,0
4,7,15,0
4,7,16,0
4,7,17,0
4,7,18,0
4,7,19,0
4,7,20,0
4,7,21,0
4,7,22,0
4,7,23,0
4,7,24,0
4,7,25,0
4,7,26,0
4,7,27,0
4,7,28,0
4,7,29,0
4,7,30,0
4,7,31,0
4,7,32,0
4,8,0,0
4,8,1,0
4,8,2,0
4,8,3,0
4,8,4,0
4,8,5,0
4,8,6,0
4,8,7,0
4,8,8,0
4,8,9,0
4,8,10,0
4,8,11,0
4,8,12,0
4,8,13,0
4,8,14,0
4,8,15,0
4,8,16,0
4,8,17,0
4,8,18,0
4,8,19,0
4,8,20,0
4,8,21,0
4,8,22,0
4,8,23,0
4,8,24,0
4,8,25,0
4,8,26,0
4,8,27,0
4,8,28,0
4,8,29,0
4,8,30,0
4,8,31,0
4,8,32,0
4,9,0,0
4,9,1,0
4,9,2,0
4,9,3,0
4,9,4,0
4,9,5,0
4,9,6,0
4,9,7,0
4,9,8,0
4,9,9,0
4,9,10,0
4,9,11,0
4,9,12,0
4,9,13,0
4,9,14,0
4,9,15,0
4,9,16,0
4,9,17,0
4,9,18,0
4,9,19,0
4,9,20,0
4,9,21,0
4,9,22,0
4,9,23,0
4,9,24,0
4,9,25,0
4,9,26,0
4,9,27,0
4,9,28,0
4,9,29,0
4,9,30,0
4,9,31,0
4,9,32,0
4,10,0,0
4,10,1,0
4,10,2,0
4,10,3,0
4,10,4,0
4,10,5,0
4,10,6,0
4,10,7,0
4,10,8,0
4,10,9,0
4,10,10,0
4,10,11,0
4,10,12,0
4,10,13,0
4,10,14,0
4,10,15,0
4,10,16,0
4,10,17,0
4,10,18,0
4,10,19,0
4,10,20,0
4,10,21,0
4,10,22,0
4,10,23,0
4,10,24,0
4,10,25,0
4,10,26,0
4,10,27,0
4,10,28,0
4,10,29,0
4,10,30,0
4,10,31,0
4,10,32,0
4,11,0,0
4,11,1,0
4,11,2,0
4,11,3,0
4,11,4,0
4,11,5,0
4,11,6,0
4,11,7,0
4,11,8,0
4,11,9,0
4,11,10,0
4,11,11,0
4,11,12,0
4,11,13,0
4,11,14,0
4,11,15,0
4,11,16,0
4,11,17,0
4,11,18,0
4,11,19,0
4,11,20,0
4,11,21,0
4,11,22,0
4,11,23,0
4,11,24,0
4,11,25,0
4,11,26,0
4,11,27,0
4,11,28,0
4,11,29,0
4,11,30,0
4,11,31,0
4,11,32,0
4,12,0,0
4,12,1,0
4,12,2,0
4,12,3,0
4,12,4,0
4,12,5,0
4,12,6,0
4,12,7,0
4,12,8,0
4,12,9,0
4,12,10,0
4,12,11,0
4,12,12,0
4,12,13,0
4,12,14,0
4,12,15,0
4,12,16,0
4,12,17,0
4,12,18,0
4,12,19,0
4,12,20,0
4,12,21,0
4,12,22,0
4,12,23,0
4,12,24,0
4,12,25,0
4,12,26,0
4,12,27,0
4,12,28,0
4,12,29,0
4,12,30,0
4,12,31,0
4,12,32,0
4,13,0,0
4,13,1,0
4,13,2,0
4,13,3,0
4,13,4,0
4,13,5,0
4,13,6,0
4,13,7,0
4,13,8,0
4,13,9,0
4,13,10,0
4,13,11,0
4,13,12,0
4,13,13,0
4,13,14,0
4,13,15,0
4,13,16,0
4,13,17,0
4,13,18,0
4,13,19,0
4,13,20,0
4,13,21,0
4,13,22,0
4,13,23,0
4,13,24,0
4,13,25,0
4,13,26,0
4,13,27,0
4,13,28,0
4,13,29,0
4,13,30,0
4,13,31,0
4,13,32,0
5,2,7,2
5,2,22,2
5,3,7,1
5,3,8,3
5,3,9,3
5,3,10,3
5,3,11,3
5,3,12,3
5,3,13,3
5,3,14,3
5,3,15,3
5,3,16,3
5,3,17,3
5,3,18,3
5,3,19,3
5,3,20,3
5,3,21,3
5,3,22,1
5,4,6,5
5,4,7,6
5,4,8,6
5,4,9,7
5,4,10,8
5,4,11,9
5,4,12,10
5,4,13,11
5,4,14,12
5,4,15,7
5,4,16,13
5,4,17,0
5,4,18,0
5,4,19,0
5,4,20,0
5,4,21,0
5,4,22,0
5,4,23,3
5,5,0,0
5,5,1,0
5,5,2,0
5,5,3,0
5,5,4,1
5,5,5,1
5,5,6,0
5,5,7,0
5,5,8,0
5,5,9,14
5,5,10,14
5,5,11,14
5,5,12,14
5,5,13,14
5,5,14,14
5,5,15,14
5,5,16,14
5,5,17,14
5,5,18,14
5,5,19,14
5,5,20,14
5,5,21,14
5,5,22,14
5,5,23,14
5,5,24,3
5,5,25,3
5,5,26,0
5,5,27,0
5,5,28,0
5,5,29,0
5,5,30,0
5,5,31,0
5,5,32,0
5,6,0,0
5,6,1,0
5,6,2,0
5,6,3,0
5,6,4,0
5,6,5,0
5,6,6,3
5,6,7,1
5,6,8,3
5,6,9,3
5,6,10,3
5,6,11,3
5,6,12,3
5,6,13,3
5,6,14,3
5,6,15,3
5,6,16,3
5,6,17,3
5,6,18,3
5,6,19,3
5,6,20,3
5,6,21,3
5,6,22,1
5,6,23,3
5,6,24,0
5,6,25,0
5,6,26,0
5,6,27,0
5,6,28,0
5,6,29,0
5,6,30,0
5,6,31,0
5,6,32,0
5,7,0,0
5,7,1,0
5,7,2,0
5,7,3,0
5,7,4,0
5,7,5,0
5,7,6,0
5,7,7,1
5,7,8,3
5,7,9,3
5,7,10,3
5,7,11,3
5,7,12,3
5,7,13,3
5,7,14,3
5,7,15,3
5,7,16,3
5,7,17,3
5,7,18,3
5,7,19,3
5,7,20,3
5,7,21,3
5,7,22,1
5,7,23,0
5,7,24,0
5,7,25,0
5,7,26,0
5,7,27,0
5,7,28,0
5,7,29,0
5,7,30,0
5,7,31,0
5,7,32,0
5,8,0,0
5,8,1,0
5,8,2,0
5,8,3,0
5,8,4,0
5,8,5,0
5,8,6,0
5,8,7,4
5,8,8,0
5,8,9,0
5,8,10,0
5,8,11,0
5,8,12,0
5,8,13,0
5,8,14,0
5,8,15,0
5,8,16,0
5,8,17,0
5,8,18,0
5,8,19,0
5,8,20,0
5,8,21,0
5,8,22,4
5,8,23,0
5,8,24,0
5,8,25,0
5,8,26,0
5,8,27,0
5,8,28,0
5,8,29,0
5,8,30,0
5,8,31,0
5,8,32,0
5,9,0,0
5,9,1,0
5,9,2,0
5,9,3,0
5,9,4,0
5,9,5,0
5,9,6,0
5,9,7,0
5,9,8,0
5,9,9,0
5,9,10,0
5,9,11,0
5,9,12,0
5,9,13,0
5,9,14,0
5,9,15,0
5,9,16,0
5,9,17,0
5,9,18,0
5,9,19,0
5,9,20,0
5,9,21,0
5,9,22,0
5,9,23,0
5,9,24,0
5,9,25,0
5,9,26,0
5,9,27,0
5,9,28,0
5,9,29,0
5,9,30,0
5,9,31,0
5,9,32,0
5,10,0,0
5,10,1,0
5,10,2,0
5,10,3,0
5,10,4,0
5,10,5,0
5,10,6,0
5,10,7,0
5,10,8,0
5,10,9,0
5,10,10,0
5,10,11,0
5,10,12,0
5,10,13,0
5,10,14,0
5,10,15,0
5,10,16,0
5,10,17,0
5,10,18,0
5,10,19,0
5,10,20,0
5,10,21,0
5,10,22,0
5,10,23,0
5,10,24,0
5,10,25,0
5,10,26,0
5,10,27,0
5,10,28,0
5,10,29,0
5,10,30,0
5,10,31,0
5,10,32,0
5,11,0,0
5,11,1,0
5,11,2,0
5,11,3,0
5,11,4,0
5,11,5,0
5,11,6,0
5,11,7,0
5,11,8,0
5,11,9,0
5,11,10,0
5,11,11,0
5,11,12,0
5,11,13,0
5,11,14,0
5,11,15,0
5,11,16,0
5,11,17,0
5,11,18,0
5,11,19,0
5,11,20,0
5,11,21,0
5,11,22,0
5,11,23,0
5,11,24,0
5,11,25,0
5,11,26,0
5,11,27,0
5,11,28,0
5,11,29,0
5,11,30,0
5,11,31,0
5,11,32,0
5,12,0,0
5,12,1,0
5,12,2,0
5,12,3,0
5,12,4,0
5,12,5,0
5,12,6,0
5,12,7,0
5,12,8,0
5,12,9,0
5,12,10,0
5,12,11,0
5,12,12,0
5,12,13,0
5,12,14,0
5,12,15,0
5,12,16,0
5,12,17,0
5,12,18,0
5,12,19,0
5,12,20,0
5,12,21,0
5,12,22,0
5,12,23,0
5,12,24,0
5,12,25,0
5,12,26,0
5,12,27,0
5,12,28,0
5,12,29,0
5,12,30,0
5,12,31,0
5,12,32,0
5,13,0,0
5,13,1,0
5,13,2,0
5,13,3,0
5,13,4,0
5,13,5,0
5,13,6,0
5,13,7,0
5,13,8,0
5,13,9,0
5,13,10,0
5,13,11,0
5,13,12,0
5,13,13,0
5,13,14,0
5,13,15,0
5,13,16,0
5,13,17,0
5,13,18,0
5,13,19,0
5,13,20,0
5,13,21,0
5,13,22,0
5,13,23,0
5,13,24,0
5,13,25,0
5,13,26,0
5,13,27,0
5,13,28,0
5,13,29,0
5,13,30,0
5,13,31,0
5,13,32,0
6,1,7,2
6,1,22,2
6,2,5,0
6,2,6,0
6,2,7,1
6,2,8,1
6,2,9,1
6,2,10,1
6,2,11,1
6,2,12,1
6,2,13,1
6,2,14,1
6,2,15,1
6,2,16,1
6,2,17,15
6,2,18,15
6,2,19,15
6,2,20,15
6,2,21,15
6,2,22,1
6,2,23,0
6,3,5,0
6,3,6,5
6,3,7,0
6,3,8,0
6,3,9,16
6,3,10,0
6,3,11,0
6,3,12,0
6,3,13,0
6,3,14,0
6,3,15,16
6,3,16,17
6,3,17,18
6,3,18,18
6,3,19,19
6,3,20,18
6,3,21,18
6,3,22,20
6,3,23,3
6,4,4,5
6,4,5,5
6,4,6,0
6,4,7,0
6,4,8,0
6,4,9,21
6,4,10,0
6,4,11,0
6,4,12,0
6,4,13,0
6,4,14,0
6,4,15,22
6,4,16,23
6,4,17,18
6,4,18,18
6,4,19,19
6,4,20,18
6,4,21,18
6,4,22,24
6,4,23,3
6,4,24,3
6,4,25,3
6,4,32,25
6,5,0,0
6,5,1,0
6,5,2,0
6,5,3,1
6,5,4,26
6,5,5,27
6,5,6,0
6,5,7,0
6,5,8,0
6,5,9,14
6,5,10,14
6,5,11,14
6,5,12,14
6,5,13,14
6,5,14,14
6,5,15,14
6,5,16,14
6,5,17,14
6,5,18,14
6,5,19,14
6,5,20,14
6,5,21,14
6,5,22,14
6,5,23,14
6,5,24,14
6,5,25,3
6,5,26,3
6,5,27,3
6,5,28,0
6,5,29,0
6,5,30,0
6,5,31,0
6,5,32,0
6,6,0,0
6,6,1,0
6,6,2,0
6,6,3,0
6,6,4,3
6,6,5,3
6,6,6,0
6,6,7,0
6,6,8,0
6,6,9,7
6,6,10,28
6,6,11,0
6,6,12,0
6,6,13,29
6,6,14,0
6,6,15,0
6,6,16,0
6,6,17,0
6,6,18,0
6,6,19,29
6,6,20,0
6,6,21,30
6,6,22,31
6,6,23,3
6,6,24,3
6,6,25,3
6,6,26,0
6,6,27,0
6,6,28,0
6,6,29,0
6,6,30,0
6,6,31,0
6,6,32,0
6,7,0,0
6,7,1,0
6,7,2,0
6,7,3,0
6,7,4,0
6,7,5,0
6,7,6,3
6,7,7,0
6,7,8,0
6,7,9,7
6,7,10,0
6,7,11,0
6,7,12,0
6,7,13,21
6,7,14,0
6,7,15,0
6,7,16,0
6,7,17,0
6,7,18,0
6,7,19,21
6,7,20,0
6,7,21,0
6,7,22,32
6,7,23,3
6,7,24,0
6,7,25,0
6,7,26,0
6,7,27,0
6,7,28,0
6,7,29,0
6,7,30,0
6,7,31,0
6,7,32,33
6,8,0,0
6,8,1,0
6,8,2,0
6,8,3,0
6,8,4,0
6,8,5,0
6,8,6,0
6,8,7,1
6,8,8,3
6,8,9,3
6,8,10,3
6,8,11,3
6,8,12,3
6,8,13,3
6,8,14,3
6,8,15,3
6,8,16,3
6,8,17,3
6,8,18,3
6,8,19,3
6,8,20,3
6,8,21,3
6,8,22,1
6,8,23,0
6,8,24,0
6,8,25,0
6,8,26,0
6,8,27,0
6,8,28,0
6,8,29,0
6,8,30,0
6,8,31,0
6,8,32,0
6,9,0,0
6,9,1,0
6,9,2,0
6,9,3,0
6,9,4,0
6,9,5,0
6,9,6,0
6,9,7,0
6,9,8,0
6,9,9,0
6,9,10,0
6,9,11,0
6,9,12,0
6,9,13,0
6,9,14,0
6,9,15,0
6,9,16,0
6,9,17,0
6,9,18,0
6,9,19,0
6,9,20,0
6,9,21,0
6,9,22,0
6,9,23,0
6,9,24,0
6,9,25,0
6,9,26,0
6,9,27,0
6,9,28,0
6,9,29,0
6,9,30,0
6,9,31,0
6,9,32,0
6,10,0,0
6,10,1,0
6,10,2,0
6,10,3,0
6,10,4,0
6,10,5,0
6,10,6,0
6,10,7,0
6,10,8,0
6,10,9,0
6,10,10,0
6,10,11,0
6,10,12,0
6,10,13,0
6,10,14,0
6,10,15,0
6,10,16,0
6,10,17,0
6,10,18,0
6,10,19,0
6,10,20,0
6,10,21,0
6,10,22,0
6,10,23,0
6,10,24,0
6,10,25,0
6,10,26,0
6,10,27,0
6,10,28,0
6,10,29,0
6,10,30,0
6,10,31,0
6,10,32,0
6,11,0,0
6,11,1,0
6,11,2,0
6,11,3,0
6,11,4,0
6,11,5,0
6,11,6,0
6,11,7,0
6,11,8,0
6,11,9,0
6,11,10,0
6,11,11,0
6,11,12,0
6,11,13,0
6,11,14,0
6,11,15,0
6,11,16,0
6,11,17,0
6,11,18,0
6,11,19,0
6,11,20,0
6,11,21,0
6,11,22,0
6,11,23,0
6,11,24,0
6,11,25,0
6,11,26,0
6,11,27,0
6,11,28,0
6,11,29,0
6,11,30,0
6,11,31,0
6,11,32,0
6,12,0,0
6,12,1,0
6,12,2,0
6,12,3,0
6,12,4,0
6,12,5,0
6,12,6,0
6,12,7,0
6,12,8,0
6,12,9,0
6,12,10,0
6,12,11,0
6,12,12,0
6,12,13,0
6,12,14,0
6,12,15,0
6,12,16,0
6,12,17,0
6,12,18,0
6,12,19,0
6,12,20,0
6,12,21,0
6,12,22,0
6,12,23,0
6,12,24,0
6,12,25,0
6,12,26,0
6,12,27,0
6,12,28,0
6,12,29,0
6,12,30,0
6,12,31,0
6,12,32,0
6,13,0,0
6,13,1,0
6,13,2,0
6,13,3,0
6,13,4,0
6,13,5,0
6,13,6,0
6,13,7,0
6,13,8,0
6,13,9,0
6,13,10,0
6,13,11,0
6,13,12,0
6,13,13,0
6,13,14,0
6,13,15,0
6,13,16,0
6,13,17,0
6,13,18,0
6,13,19,0
6,13,20,0
6,13,21,0
6,13,22,0
6,13,23,0
6,13,24,0
6,13,25,0
6,13,26,0
6,13,27,0
6,13,28,0
6,13,29,0
6,13,30,0
6,13,31,0
6,13,32,0
7,1,7,1
7,1,8,1
7,1,9,1
7,1,10,1
7,1,11,1
7,1,12,1
7,1,13,1
7,1,14,1
7,1,15,1
7,1,16,1
7,1,17,1
7,1,18,1
7,1,19,1
7,1,20,1
7,1,21,1
7,1,22,1
7,2,5,0
7,2,6,5
7,2,7,14
7,2,8,14
7,2,9,14
7,2,10,14
7,2,11,14
7,2,12,14
7,2,13,14
7,2,14,14
7,2,15,14
7,2,16,14
7,2,17,14
7,2,18,14
7,2,19,14
7,2,20,14
7,2,21,14
7,2,22,14
7,2,23,3
7,3,4,5
7,3,5,5
7,3,6,34
7,3,7,0
7,3,8,0
7,3,9,7
7,3,10,0
7,3,11,0
7,3,12,0
7,3,13,0
7,3,14,0
7,3,15,7
7,3,16,0
7,3,17,35
7,3,18,35
7,3,19,35
7,3,20,35
7,3,21,35
7,3,22,0
7,3,23,3
7,3,24,3
7,4,3,5
7,4,4,36
7,4,5,0
7,4,6,0
7,4,7,0
7,4,8,0
7,4,9,7
7,4,10,0
7,4,11,0
7,4,12,0
7,4,13,0
7,4,14,0
7,4,15,7
7,4,16,0
7,4,17,37
7,4,18,37
7,4,19,37
7,4,20,37
7,4,21,37
7,4,22,0
7,4,23,3
7,4,24,3
7,4,25,3
7,4,26,3
7,4,27,3
7,5,0,0
7,5,1,0
7,5,2,1
7,5,3,1
7,5,4,0
7,5,5,0
7,5,6,0
7,5,7,0
7,5,8,0
7,5,9,14
7,5,10,14
7,5,11,14
7,5,12,14
7,5,13,14
7,5,14,14
7,5,15,14
7,5,16,14
7,5,17,14
7,5,18,14
7,5,19,14
7,5,20,14
7,5,21,14
7,5,22,14
7,5,23,14
7,5,24,14
7,5,25,0
7,5,26,0
7,5,27,3
7,5,28,3
7,5,29,3
7,5,30,0
7,5,31,0
7,5,32,25
7,6,0,0
7,6,1,0
7,6,2,0
7,6,3,3
7,6,4,3
7,6,5,0
7,6,6,0
7,6,7,0
7,6,8,0
7,6,9,7
7,6,10,38
7,6,11,0
7,6,12,39
7,6,13,7
7,6,14,40
7,6,15,41
7,6,16,42
7,6,17,41
7,6,18,43
7,6,19,7
7,6,20,0
7,6,21,0
7,6,22,0
7,6,23,31
7,6,24,3
7,6,25,3
7,6,26,3
7,6,27,3
7,6,28,0
7,6,29,0
7,6,30,0
7,6,31,0
7,6,32,0
7,7,0,0
7,7,1,0
7,7,2,0
7,7,3,0
7,7,4,3
7,7,5,3
7,7,6,0
7,7,7,0
7,7,8,0
7,7,9,7
7,7,10,44
7,7,11,0
7,7,12,12
7,7,13,7
7,7,14,40
7,7,15,42
7,7,16,42
7,7,17,42
7,7,18,43
7,7,19,7
7,7,20,0
7,7,21,0
7,7,22,0
7,7,23,45
7,7,24,3
7,7,25,0
7,7,26,0
7,7,27,0
7,7,28,0
7,7,29,0
7,7,30,0
7,7,31,0
7,7,32,46
7,8,0,0
7,8,1,0
7,8,2,0
7,8,3,0
7,8,4,0
7,8,5,0
7,8,6,3
7,8,7,1
7,8,8,3
7,8,9,3
7,8,10,3
7,8,11,3
7,8,12,3
7,8,13,3
7,8,14,3
7,8,15,3
7,8,16,3
7,8,17,3
7,8,18,3
7,8,19,3
7,8,20,3
7,8,21,3
7,8,22,1
7,8,23,3
7,8,24,0
7,8,25,0
7,8,26,0
7,8,27,0
7,8,28,0
7,8,29,0
7,8,30,0
7,8,31,0
7,8,32,0
7,9,0,0
7,9,1,0
7,9,2,0
7,9,3,0
7,9,4,0
7,9,5,0
7,9,6,0
7,9,7,4
7,9,8,0
7,9,9,0
7,9,10,0
7,9,11,0
7,9,12,0
7,9,13,0
7,9,14,0
7,9,15,1
7,9,16,1
7,9,17,1
7,9,18,1
7,9,19,0
7,9,20,0
7,9,21,0
7,9,22,4
7,9,23,0
7,9,24,0
7,9,25,0
7,9,26,0
7,9,27,0
7,9,28,0
7,9,29,0
7,9,30,0
7,9,31,0
7,9,32,0
7,10,0,0
7,10,1,0
7,10,2,0
7,10,3,0
7,10,4,0
7,10,5,0
7,10,6,0
7,10,7,0
7,10,8,0
7,10,9,0
7,10,10,0
7,10,11,0
7,10,12,0
7,10,13,0
7,10,14,0
7,10,15,0
7,10,16,0
7,10,17,1
7,10,18,1
7,10,19,0
7,10,20,0
7,10,21,0
7,10,22,0
7,10,23,0
7,10,24,0
7,10,25,0
7,10,26,0
7,10,27,0
7,10,28,0
7,10,29,0
7,10,30,0
7,10,31,0
7,10,32,0
7,11,0,0
7,11,1,0
7,11,2,0
7,11,3,0
7,11,4,0
7,11,5,0
7,11,6,0
7,11,7,0
7,11,8,0
7,11,9,0
7,11,10,0
7,11,11,0
7,11,12,0
7,11,13,0
7,11,14,0
7,11,15,0
7,11,16,0
7,11,17,0
7,11,18,0
7,11,19,0
7,11,20,0
7,11,21,0
7,11,22,0
7,11,23,0
7,11,24,0
7,11,25,0
7,11,26,0
7,11,27,0
7,11,28,0
7,11,29,0
7,11,30,0
7,11,31,0
7,11,32,0
7,12,0,0
7,12,1,0
7,12,2,0
7,12,3,0
7,12,4,0
7,12,5,0
7,12,6,0
7,12,7,0
7,12,8,0
7,12,9,0
7,12,10,0
7,12,11,0
7,12,12,0
7,12,13,0
7,12,14,0
7,12,15,0
7,12,16,0
7,12,17,0
7,12,18,0
7,12,19,0
7,12,20,0
7,12,21,0
7,12,22,0
7,12,23,0
7,12,24,0
7,12,25,0
7,12,26,0
7,12,27,0
7,12,28,0
7,12,29,0
7,12,30,0
7,12,31,0
7,12,32,0
7,13,0,0
7,13,1,0
7,13,2,0
7,13,3,0
7,13,4,0
7,13,5,0
7,13,6,0
7,13,7,0
7,13,8,0
7,13,9,0
7,13,10,0
7,13,11,0
7,13,12,0
7,13,13,0
7,13,14,0
7,13,15,0
7,13,16,0
7,13,17,0
7,13,18,0
7,13,19,0
7,13,20,0
7,13,21,0
7,13,22,0
7,13,23,0
7,13,24,0
7,13,25,0
7,13,26,0
7,13,27,0
7,13,28,0
7,13,29,0
7,13,30,0
7,13,31,0
7,13,32,0
8,1,7,1
8,1,8,1
8,1,9,1
8,1,10,1
8,1,11,1
8,1,12,1
8,1,13,1
8,1,14,1
8,1,15,1
8,1,16,1
8,1,17,1
8,1,18,1
8,1,19,1
8,1,20,1
8,1,21,1
8,1,22,1
8,1,23,1
8,1,24,1
8,1,25,47
8,2,5,1
8,2,6,1
8,2,7,14
8,2,8,14
8,2,9,14
8,2,10,14
8,2,11,14
8,2,12,14
8,2,13,14
8,2,14,14
8,2,15,14
8,2,16,14
8,2,17,14
8,2,18,14
8,2,19,14
8,2,20,14
8,2,21,14
8,2,22,14
8,2,23,14
8,2,24,1
8,2,25,1
8,2,26,47
8,3,4,1
8,3,5,1
8,3,6,34
8,3,7,0
8,3,8,48
8,3,9,7
8,3,10,0
8,3,11,49
8,3,12,0
8,3,13,50
8,3,14,51
8,3,15,7
8,3,16,0
8,3,17,0
8,3,18,0
8,3,19,48
8,3,20,0
8,3,21,0
8,3,22,0
8,3,23,52
8,3,24,3
8,3,25,1
8,3,26,1
8,3,27,1
8,3,28,47
8,4,2,1
8,4,3,1
8,4,4,0
8,4,5,0
8,4,6,0
8,4,7,0
8,4,8,0
8,4,9,7
8,4,10,53
8,4,11,0
8,4,12,0
8,4,13,53
8,4,14,51
8,4,15,7
8,4,16,0
8,4,17,0
8,4,18,0
8,4,19,0
8,4,20,0
8,4,21,0
8,4,22,0
8,4,23,12
8,4,24,3
8,4,27,1
8,4,28,1
8,4,29,1
8,4,30,47
8,4,32,25
8,5,0,0
8,5,1,0
8,5,2,1
8,5,3,1
8,5,4,0
8,5,5,0
8,5,6,0
8,5,7,0
8,5,8,0
8,5,9,14
8,5,10,14
8,5,11,14
8,5,12,14
8,5,13,14
8,5,14,14
8,5,15,14
8,5,16,14
8,5,17,14
8,5,18,14
8,5,19,14
8,5,20,14
8,5,21,14
8,5,22,14
8,5,23,14
8,5,24,14
8,5,25,0
8,5,26,0
8,5,27,0
8,5,28,0
8,5,29,1
8,5,30,1
8,5,31,1
8,5,32,54
8,6,0,0
8,6,1,0
8,6,2,1
8,6,3,1
8,6,4,0
8,6,5,0
8,6,6,0
8,6,7,0
8,6,8,0
8,6,9,7
8,6,10,55
8,6,11,48
8,6,12,56
8,6,13,7
8,6,14,40
8,6,15,30
8,6,16,57
8,6,17,30
8,6,18,58
8,6,19,59
8,6,20,60
8,6,21,48
8,6,22,40
8,6,23,61
8,6,24,62
8,6,25,3
8,6,26,0
8,6,27,1
8,6,28,1
8,6,29,1
8,6,30,63
8,6,31,0
8,6,32,25
8,7,0,0
8,7,1,0
8,7,2,0
8,7,3,0
8,7,4,1
8,7,5,1
8,7,6,0
8,7,7,64
8,7,8,0
8,7,9,7
8,7,10,0
8,7,11,0
8,7,12,65
8,7,13,7
8,7,14,40
8,7,15,30
8,7,16,30
8,7,17,30
8,7,18,58
8,7,19,59
8,7,20,13
8,7,21,0
8,7,22,40
8,7,23,61
8,7,24,0
8,7,25,1
8,7,26,1
8,7,27,1
8,7,28,63
8,7,29,0
8,7,30,0
8,7,31,0
8,7,32,0
8,8,0,0
8,8,1,0
8,8,2,0
8,8,3,0
8,8,4,0
8,8,5,1
8,8,6,1
8,8,7,1
8,8,8,3
8,8,9,3
8,8,10,3
8,8,11,3
8,8,12,3
8,8,13,3
8,8,14,3
8,8,15,3
8,8,16,3
8,8,17,3
8,8,18,58
8,8,19,59
8,8,20,3
8,8,21,3
8,8,22,1
8,8,23,0
8,8,24,1
8,8,25,1
8,8,26,63
8,8,27,0
8,8,28,0
8,8,29,0
8,8,30,0
8,8,31,0
8,8,32,0
8,9,0,0
8,9,1,0
8,9,2,0
8,9,3,0
8,9,4,0
8,9,5,0
8,9,6,0
8,9,7,1
8,9,8,1
8,9,9,1
8,9,10,1
8,9,11,1
8,9,12,1
8,9,13,1
8,9,14,1
8,9,15,0
8,9,16,0
8,9,17,66
8,9,18,0
8,9,19,1
8,9,20,1
8,9,21,1
8,9,22,1
8,9,23,1
8,9,24,1
8,9,25,63
8,9,26,0
8,9,27,0
8,9,28,0
8,9,29,0
8,9,30,0
8,9,31,0
8,9,32,0
8,10,0,0
8,10,1,0
8,10,2,0
8,10,3,0
8,10,4,0
8,10,5,0
8,10,6,0
8,10,7,0
8,10,8,0
8,10,9,0
8,10,10,0
8,10,11,0
8,10,12,0
8,10,13,0
8,10,14,0
8,10,15,0
8,10,16,0
8,10,17,21
8,10,18,0
8,10,19,1
8,10,20,0
8,10,21,0
8,10,22,0
8,10,23,0
8,10,24,0
8,10,25,0
8,10,26,0
8,10,27,0
8,10,28,0
8,10,29,0
8,10,30,0
8,10,31,0
8,10,32,0
8,11,0,0
8,11,1,0
8,11,2,0
8,11,3,0
8,11,4,0
8,11,5,0
8,11,6,0
8,11,7,0
8,11,8,0
8,11,9,0
8,11,10,0
8,11,11,0
8,11,12,0
8,11,13,0
8,11,14,0
8,11,15,0
8,11,16,1
8,11,17,1
8,11,18,1
8,11,19,1
8,11,20,0
8,11,21,0
8,11,22,0
8,11,23,0
8,11,24,0
8,11,25,0
8,11,26,0
8,11,27,0
8,11,28,0
8,11,29,0
8,11,30,0
8,11,31,0
8,11,32,0
8,12,0,0
8,12,1,0
8,12,2,0
8,12,3,0
8,12,4,0
8,12,5,0
8,12,6,0
8,12,7,0
8,12,8,0
8,12,9,0
8,12,10,0
8,12,11,0
8,12,12,0
8,12,13,0
8,12,14,0
8,12,15,0
8,12,16,67
8,12,17,0
8,12,18,0
8,12,19,0
8,12,20,0
8,12,21,0
8,12,22,0
8,12,23,0
8,12,24,0
8,12,25,0
8,12,26,0
8,12,27,0
8,12,28,0
8,12,29,0
8,12,30,0
8,12,31,0
8,12,32,0
8,13,0,0
8,13,1,0
8,13,2,0
8,13,3,0
8,13,4,0
8,13,5,0
8,13,6,0
8,13,7,0
8,13,8,0
8,13,9,0
8,13,10,0
8,13,11,0
8,13,12,0
8,13,13,0
8,13,14,0
8,13,15,0
8,13,16,0
8,13,17,0
8,13,18,0
8,13,19,0
8,13,20,0
8,13,21,0
8,13,22,0
8,13,23,0
8,13,24,0
8,13,25,0
8,13,26,0
8,13,27,0
8,13,28,0
8,13,29,0
8,13,30,0
8,13,31,0
8,13,32,0
9,1,7,1
9,1,8,1
9,1,9,1
9,1,10,1
9,1,11,1
9,1,12,1
9,1,13,1
9,1,14,1
9,1,15,1
9,1,16,1
9,1,17,1
9,1,18,1
9,1,19,1
9,1,20,1
9,1,21,1
9,1,22,1
9,2,5,0
9,2,6,5
9,2,7,14
9,2,8,14
9,2,9,14
9,2,10,14
9,2,11,14
9,2,12,14
9,2,13,14
9,2,14,14
9,2,15,14
9,2,16,14
9,2,17,14
9,2,18,14
9,2,19,14
9,2,20,14
9,2,21,14
9,2,22,14
9,2,23,3
9,3,4,5
9,3,5,5
9,3,6,68
9,3,7,0
9,3,8,0
9,3,9,7
9,3,10,54
9,3,11,54
9,3,12,43
9,3,13,54
9,3,14,54
9,3,15,7
9,3,16,0
9,3,17,69
9,3,18,69
9,3,19,69
9,3,20,69
9,3,21,69
9,3,22,0
9,3,23,3
9,3,24,3
9,3,32,33
9,4,3,5
9,4,4,0
9,4,5,70
9,4,6,0
9,4,7,0
9,4,8,0
9,4,9,7
9,4,10,54
9,4,11,54
9,4,12,43
9,4,13,54
9,4,14,54
9,4,15,7
9,4,16,0
9,4,17,71
9,4,18,71
9,4,19,71
9,4,20,71
9,4,21,71
9,4,22,0
9,4,23,3
9,4,24,3
9,4,25,3
9,4,26,3
9,4,27,3
9,5,0,0
9,5,1,0
9,5,2,1
9,5,3,1
9,5,4,0
9,5,5,0
9,5,6,0
9,5,7,0
9,5,8,0
9,5,9,14
9,5,10,14
9,5,11,14
9,5,12,14
9,5,13,14
9,5,14,14
9,5,15,14
9,5,16,14
9,5,17,14
9,5,18,14
9,5,19,14
9,5,20,14
9,5,21,14
9,5,22,14
9,5,23,14
9,5,24,14
9,5,25,0
9,5,26,0
9,5,27,3
9,5,28,3
9,5,29,3
9,5,30,0
9,5,31,0
9,5,32,25
9,6,0,0
9,6,1,0
9,6,2,0
9,6,3,3
9,6,4,3
9,6,5,0
9,6,6,0
9,6,7,0
9,6,8,0
9,6,9,7
9,6,10,0
9,6,11,0
9,6,12,72
9,6,13,54
9,6,14,0
9,6,15,48
9,6,16,0
9,6,17,0
9,6,18,0
9,6,19,54
9,6,20,60
9,6,21,51
9,6,22,0
9,6,23,73
9,6,24,3
9,6,25,3
9,6,26,3
9,6,27,3
9,6,28,0
9,6,29,0
9,6,30,0
9,6,31,0
9,6,32,0
9,7,0,0
9,7,1,0
9,7,2,0
9,7,3,0
9,7,4,3
9,7,5,3
9,7,6,0
9,7,7,0
9,7,8,0
9,7,9,7
9,7,10,0
9,7,11,0
9,7,12,74
9,7,13,54
9,7,14,13
9,7,15,0
9,7,16,0
9,7,17,0
9,7,18,0
9,7,19,54
9,7,20,0
9,7,21,51
9,7,22,0
9,7,23,73
9,7,24,3
9,7,25,0
9,7,26,0
9,7,27,0
9,7,28,0
9,7,29,0
9,7,30,0
9,7,31,0
9,7,32,0
9,8,0,0
9,8,1,0
9,8,2,0
9,8,3,0
9,8,4,0
9,8,5,0
9,8,6,3
9,8,7,1
9,8,8,3
9,8,9,3
9,8,10,3
9,8,11,3
9,8,12,3
9,8,13,3
9,8,14,3
9,8,15,3
9,8,16,3
9,8,17,3
9,8,18,3
9,8,19,3
9,8,20,3
9,8,21,3
9,8,22,1
9,8,23,3
9,8,24,0
9,8,25,0
9,8,26,0
9,8,27,0
9,8,28,0
9,8,29,0
9,8,30,0
9,8,31,0
9,8,32,0
9,9,0,0
9,9,1,0
9,9,2,0
9,9,3,0
9,9,4,0
9,9,5,0
9,9,6,0
9,9,7,75
9,9,8,0
9,9,9,0
9,9,10,0
9,9,11,0
9,9,12,0
9,9,13,0
9,9,14,0
9,9,15,1
9,9,16,1
9,9,17,1
9,9,18,1
9,9,19,0
9,9,20,0
9,9,21,0
9,9,22,75
9,9,23,0
9,9,24,0
9,9,25,0
9,9,26,0
9,9,27,0
9,9,28,0
9,9,29,0
9,9,30,0
9,9,31,0
9,9,32,0
9,10,0,0
9,10,1,0
9,10,2,0
9,10,3,0
9,10,4,0
9,10,5,0
9,10,6,0
9,10,7,0
9,10,8,0
9,10,9,0
9,10,10,0
9,10,11,0
9,10,12,0
9,10,13,0
9,10,14,0
9,10,15,0
9,10,16,0
9,10,17,1
9,10,18,1
9,10,19,0
9,10,20,0
9,10,21,0
9,10,22,0
9,10,23,0
9,10,24,0
9,10,25,0
9,10,26,0
9,10,27,0
9,10,28,0
9,10,29,0
9,10,30,0
9,10,31,0
9,10,32,0
9,11,0,0
9,11,1,0
9,11,2,0
9,11,3,0
9,11,4,0
9,11,5,0
9,11,6,0
9,11,7,0
9,11,8,0
9,11,9,0
9,11,10,0
9,11,11,0
9,11,12,0
9,11,13,0
9,11,14,0
9,11,15,0
9,11,16,0
9,11,17,0
9,11,18,0
9,11,19,0
9,11,20,0
9,11,21,0
9,11,22,0
9,11,23,0
9,11,24,0
9,11,25,0
9,11,26,0
9,11,27,0
9,11,28,0
9,11,29,0
9,11,30,0
9,11,31,0
9,11,32,0
9,12,0,0
9,12,1,0
9,12,2,0
9,12,3,0
9,12,4,0
9,12,5,0
9,12,6,0
9,12,7,0
9,12,8,0
9,12,9,0
9,12,10,0
9,12,11,0
9,12,12,0
9,12,13,0
9,12,14,0
9,12,15,0
9,12,16,0
9,12,17,0
9,12,18,0
9,12,19,0
9,12,20,0
9,12,21,0
9,12,22,0
9,12,23,0
9,12,24,0
9,12,25,0
9,12,26,0
9,12,27,0
9,12,28,0
9,12,29,0
9,12,30,0
9,12,31,0
9,12,32,0
9,13,0,0
9,13,1,0
9,13,2,0
9,13,3,0
9,13,4,0
9,13,5,0
9,13,6,0
9,13,7,0
9,13,8,0
9,13,9,0
9,13,10,0
9,13,11,0
9,13,12,0
9,13,13,0
9,13,14,0
9,13,15,0
9,13,16,0
9,13,17,0
9,13,18,0
9,13,19,0
9,13,20,0
9,13,21,0
9,13,22,0
9,13,23,0
9,13,24,0
9,13,25,0
9,13,26,0
9,13,27,0
9,13,28,0
9,13,29,0
9,13,30,0
9,13,31,0
9,13,32,0
10,1,7,76
10,1,22,76
10,2,7,1
10,2,8,1
10,2,9,1
10,2,10,1
10,2,11,1
10,2,12,1
10,2,13,1
10,2,14,1
10,2,15,1
10,2,16,1
10,2,17,77
10,2,18,77
10,2,19,77
10,2,20,77
10,2,21,77
10,2,22,1
10,2,23,0
10,3,6,5
10,3,7,78
10,3,8,0
10,3,9,7
10,3,10,54
10,3,11,54
10,3,12,43
10,3,13,54
10,3,14,54
10,3,15,7
10,3,16,17
10,3,17,18
10,3,18,18
10,3,19,19
10,3,20,18
10,3,21,18
10,3,22,20
10,3,23,3
10,3,32,46
10,4,4,5
10,4,5,5
10,4,6,0
10,4,7,79
10,4,8,78
10,4,9,7
10,4,10,54
10,4,11,54
10,4,12,43
10,4,13,54
10,4,14,54
10,4,15,7
10,4,16,23
10,4,17,18
10,4,18,18
10,4,19,19
10,4,20,18
10,4,21,18
10,4,22,24
10,4,23,3
10,4,24,3
10,4,25,3
10,5,0,0
10,5,1,0
10,5,2,0
10,5,3,1
10,5,4,80
10,5,5,81
10,5,6,0
10,5,7,0
10,5,8,79
10,5,9,14
10,5,10,14
10,5,11,14
10,5,12,14
10,5,13,14
10,5,14,14
10,5,15,14
10,5,16,14
10,5,17,14
10,5,18,14
10,5,19,14
10,5,20,14
10,5,21,14
10,5,22,14
10,5,23,14
10,5,24,14
10,5,25,3
10,5,26,3
10,5,27,3
10,5,28,0
10,5,29,0
10,5,30,0
10,5,31,0
10,5,32,0
10,6,0,0
10,6,1,0
10,6,2,0
10,6,3,0
10,6,4,3
10,6,5,3
10,6,6,0
10,6,7,0
10,6,8,0
10,6,9,82
10,6,10,0
10,6,11,0
10,6,12,56
10,6,13,54
10,6,14,42
10,6,15,41
10,6,16,42
10,6,17,41
10,6,18,43
10,6,19,54
10,6,20,83
10,6,21,84
10,6,22,85
10,6,23,3
10,6,24,3
10,6,25,3
10,6,26,0
10,6,27,0
10,6,28,0
10,6,29,0
10,6,30,0
10,6,31,0
10,6,32,25
10,7,0,0
10,7,1,0
10,7,2,0
10,7,3,0
10,7,4,0
10,7,5,0
10,7,6,3
10,7,7,0
10,7,8,0
10,7,9,21
10,7,10,0
10,7,11,86
10,7,12,87
10,7,13,54
10,7,14,42
10,7,15,42
10,7,16,42
10,7,17,42
10,7,18,43
10,7,19,54
10,7,20,0
10,7,21,84
10,7,22,85
10,7,23,3
10,7,24,0
10,7,25,0
10,7,26,0
10,7,27,0
10,7,28,0
10,7,29,0
10,7,30,0
10,7,31,0
10,7,32,0
10,8,0,0
10,8,1,0
10,8,2,0
10,8,3,0
10,8,4,0
10,8,5,0
10,8,6,0
10,8,7,1
10,8,8,3
10,8,9,3
10,8,10,3
10,8,11,3
10,8,12,3
10,8,13,3
10,8,14,3
10,8,15,3
10,8,16,3
10,8,17,3
10,8,18,3
10,8,19,3
10,8,20,3
10,8,21,3
10,8,22,1
10,8,23,0
10,8,24,0
10,8,25,0
10,8,26,0
10,8,27,0
10,8,28,0
10,8,29,0
10,8,30,0
10,8,31,0
10,8,32,0
10,9,0,0
10,9,1,0
10,9,2,0
10,9,3,0
10,9,4,0
10,9,5,0
10,9,6,0
10,9,7,0
10,9,8,0
10,9,9,0
10,9,10,0
10,9,11,0
10,9,12,0
10,9,13,0
10,9,14,0
10,9,15,0
10,9,16,0
10,9,17,0
10,9,18,0
10,9,19,0
10,9,20,0
10,9,21,0
10,9,22,0
10,9,23,0
10,9,24,0
10,9,25,0
10,9,26,0
10,9,27,0
10,9,28,0
10,9,29,0
10,9,30,0
10,9,31,0
10,9,32,0
10,10,0,0
10,10,1,0
10,10,2,0
10,10,3,0
10,10,4,0
10,10,5,0
10,10,6,0
10,10,7,0
10,10,8,0
10,10,9,0
10,10,10,0
10,10,11,0
10,10,12,0
10,10,13,0
10,10,14,0
10,10,15,0
10,10,16,0
10,10,17,0
10,10,18,0
10,10,19,0
10,10,20,0
10,10,21,0
10,10,22,0
10,10,23,0
10,10,24,0
10,10,25,0
10,10,26,0
10,10,27,0
10,10,28,0
10,10,29,0
10,10,30,0
10,10,31,0
10,10,32,0
10,11,0,0
10,11,1,0
10,11,2,0
10,11,3,0
10,11,4,0
10,11,5,0
10,11,6,0
10,11,7,0
10,11,8,0
10,11,9,0
10,11,10,0
10,11,11,0
10,11,12,0
10,11,13,0
10,11,14,0
10,11,15,0
10,11,16,0
10,11,17,0
10,11,18,0
10,11,19,0
10,11,20,0
10,11,21,0
10,11,22,0
10,11,23,0
10,11,24,0
10,11,25,0
10,11,26,0
10,11,27,0
10,11,28,0
10,11,29,0
10,11,30,0
10,11,31,0
10,11,32,0
10,12,0,0
10,12,1,0
10,12,2,0
10,12,3,0
10,12,4,0
10,12,5,0
10,12,6,0
10,12,7,0
10,12,8,0
10,12,9,0
10,12,10,0
10,12,11,0
10,12,12,0
10,12,13,0
10,12,14,0
10,12,15,0
10,12,16,0
10,12,17,0
10,12,18,0
10,12,19,0
10,12,20,0
10,12,21,0
10,12,22,0
10,12,23,0
10,12,24,0
10,12,25,0
10,12,26,0
10,12,27,0
10,12,28,0
10,12,29,0
10,12,30,0
10,12,31,0
10,12,32,0
10,13,0,0
10,13,1,0
10,13,2,0
10,13,3,0
10,13,4,0
10,13,5,0
10,13,6,0
10,13,7,0
10,13,8,0
10,13,9,0
10,13,10,0
10,13,11,0
10,13,12,0
10,13,13,0
10,13,14,0
10,13,15,0
10,13,16,0
10,13,17,0
10,13,18,0
10,13,19,0
10,13,20,0
10,13,21,0
10,13,22,0
10,13,23,0
10,13,24,0
10,13,25,0
10,13,26,0
10,13,27,0
10,13,28,0
10,13,29,0
10,13,30,0
10,13,31,0
10,13,32,0
11,2,7,76
11,2,22,76
11,3,7,1
11,3,8,3
11,3,9,3
11,3,10,3
11,3,11,3
11,3,12,3
11,3,13,3
11,3,14,3
11,3,15,3
11,3,16,3
11,3,17,3
11,3,18,3
11,3,19,3
11,3,20,3
11,3,21,3
11,3,22,1
11,4,6,5
11,4,7,0
11,4,8,0
11,4,9,7
11,4,10,0
11,4,11,0
11,4,12,0
11,4,13,0
11,4,14,12
11,4,15,7
11,4,16,13
11,4,17,0
11,4,18,0
11,4,19,0
11,4,20,0
11,4,21,0
11,4,22,0
11,4,23,3
11,5,0,0
11,5,1,0
11,5,2,0
11,5,3,0
11,5,4,1
11,5,5,1
11,5,6,0
11,5,7,0
11,5,8,0
11,5,9,14
11,5,10,14
11,5,11,14
11,5,12,14
11,5,13,14
11,5,14,14
11,5,15,14
11,5,16,14
11,5,17,14
11,5,18,14
11,5,19,14
11,5,20,14
11,5,21,14
11,5,22,14
11,5,23,14
11,5,24,3
11,5,25,3
11,5,26,0
11,5,27,0
11,5,28,0
11,5,29,0
11,5,30,0
11,5,31,0
11,5,32,0
11,6,0,0
11,6,1,0
11,6,2,0
11,6,3,0
11,6,4,0
11,6,5,0
11,6,6,3
11,6,7,1
11,6,8,3
11,6,9,3
11,6,10,3
11,6,11,3
11,6,12,3
11,6,13,3
11,6,14,3
11,6,15,3
11,6,16,3
11,6,17,3
11,6,18,3
11,6,19,3
11,6,20,3
11,6,21,3
11,6,22,1
11,6,23,3
11,6,24,0
11,6,25,0
11,6,26,0
11,6,27,0
11,6,28,0
11,6,29,0
11,6,30,0
11,6,31,0
11,6,32,0
11,7,0,0
11,7,1,0
11,7,2,0
11,7,3,0
11,7,4,0
11,7,5,0
11,7,6,0
11,7,7,1
11,7,8,3
11,7,9,3
11,7,10,3
11,7,11,3
11,7,12,3
11,7,13,3
11,7,14,3
11,7,15,3
11,7,16,3
11,7,17,3
11,7,18,3
11,7,19,3
11,7,20,3
11,7,21,3
11,7,22,1
11,7,23,0
11,7,24,0
11,7,25,0
11,7,26,0
11,7,27,0
11,7,28,0
11,7,29,0
11,7,30,0
11,7,31,0
11,7,32,0
11,8,0,0
11,8,1,0
11,8,2,0
11,8,3,0
11,8,4,0
11,8,5,0
11,8,6,0
11,8,7,75
11,8,8,0
11,8,9,0
11,8,10,0
11,8,11,0
11,8,12,0
11,8,13,0
11,8,14,0
11,8,15,0
11,8,16,0
11,8,17,0
11,8,18,0
11,8,19,0
11,8,20,0
11,8,21,0
11,8,22,75
11,8,23,0
11,8,24,0
11,8,25,0
11,8,26,0
11,8,27,0
11,8,28,0
11,8,29,0
11,8,30,0
11,8,31,0
11,8,32,0
11,9,0,0
11,9,1,0
11,9,2,0
11,9,3,0
11,9,4,0
11,9,5,0
11,9,6,0
11,9,7,0
11,9,8,0
11,9,9,0
11,9,10,0
11,9,11,0
11,9,12,0
11,9,13,0
11,9,14,0
11,9,15,0
11,9,16,0
11,9,17,0
11,9,18,0
11,9,19,0
11,9,20,0
11,9,21,0
11,9,22,0
11,9,23,0
11,9,24,0
11,9,25,0
11,9,26,0
11,9,27,0
11,9,28,0
11,9,29,0
11,9,30,0
11,9,31,0
11,9,32,0
11,10,0,0
11,10,1,0
11,10,2,0
11,10,3,0
11,10,4,0
11,10,5,0
11,10,6,0
11,10,7,0
11,10,8,0
11,10,9,0
11,10,10,0
11,10,11,0
11,10,12,0
11,10,13,0
11,10,14,0
11,10,15,0
11,10,16,0
11,10,17,0
11,10,18,0
11,10,19,0
11,10,20,0
11,10,21,0
11,10,22,0
11,10,23,0
11,10,24,0
11,10,25,0
11,10,26,0
11,10,27,0
11,10,28,0
11,10,29,0
11,10,30,0
11,10,31,0
11,10,32,0
11,11,0,0
11,11,1,0
11,11,2,0
11,11,3,0
11,11,4,0
11,11,5,0
11,11,6,0
11,11,7,0
11,11,8,0
11,11,9,0
11,11,10,0
11,11,11,0
11,11,12,0
11,11,13,0
11,11,14,0
11,11,15,0
11,11,16,0
11,11,17,0
11,11,18,0
11,11,19,0
11,11,20,0
11,11,21,0
11,11,22,0
11,11,23,0
11,11,24,0
11,11,25,0
11,11,26,0
11,11,27,0
11,11,28,0
11,11,29,0
11,11,30,0
11,11,31,0
11,11,32,0
11,12,0,0
11,12,1,0
11,12,2,0
11,12,3,0
11,12,4,0
11,12,5,0
11,12,6,0
11,12,7,0
11,12,8,0
11,12,9,0
11,12,10,0
11,12,11,0
11,12,12,0
11,12,13,0
11,12,14,0
11,12,15,0
11,12,16,0
11,12,17,0
11,12,18,0
11,12,19,0
11,12,20,0
11,12,21,0
11,12,22,0
11,12,23,0
11,12,24,0
11,12,25,0
11,12,26,0
11,12,27,0
11,12,28,0
11,12,29,0
11,12,30,0
11,12,31,0
11,12,32,0
11,13,0,0
11,13,1,0
11,13,2,0
11,13,3,0
11,13,4,0
11,13,5,0
11,13,6,0
11,13,7,0
11,13,8,0
11,13,9,0
11,13,10,0
11,13,11,0
11,13,12,0
11,13,13,0
11,13,14,0
11,13,15,0
11,13,16,0
11,13,17,0
11,13,18,0
11,13,19,0
11,13,20,0
11,13,21,0
11,13,22,0
11,13,23,0
11,13,24,0
11,13,25,0
11,13,26,0
11,13,27,0
11,13,28,0
11,13,29,0
11,13,30,0
11,13,31,0
11,13,32,0
12,3,7,76
12,3,22,76
12,4,7,1
12,4,8,3
12,4,9,3
12,4,10,3
12,4,11,3
12,4,12,3
12,4,13,3
12,4,14,3
12,4,15,3
12,4,16,3
12,4,17,3
12,4,18,3
12,4,19,3
12,4,20,3
12,4,21,3
12,4,22,1
12,5,0,0
12,5,1,0
12,5,2,0
12,5,3,0
12,5,4,0
12,5,5,0
12,5,6,1
12,5,7,1
12,5,8,3
12,5,9,3
12,5,10,3
12,5,11,3
12,5,12,3
12,5,13,3
12,5,14,3
12,5,15,3
12,5,16,3
12,5,17,1
12,5,18,1
12,5,19,1
12,5,20,3
12,5,21,3
12,5,22,1
12,5,23,3
12,5,24,0
12,5,25,0
12,5,26,0
12,5,27,0
12,5,28,0
12,5,29,0
12,5,30,0
12,5,31,0
12,5,32,0
12,6,0,0
12,6,1,0
12,6,2,0
12,6,3,0
12,6,4,0
12,6,5,0
12,6,6,0
12,6,7,75
12,6,8,0
12,6,9,0
12,6,10,0
12,6,11,0
12,6,12,0
12,6,13,0
12,6,14,0
12,6,15,0
12,6,16,0
12,6,17,0
12,6,18,0
12,6,19,0
12,6,20,0
12,6,21,0
12,6,22,75
12,6,23,0
12,6,24,0
12,6,25,0
12,6,26,0
12,6,27,0
12,6,28,0
12,6,29,0
12,6,30,0
12,6,31,0
12,6,32,0
12,7,0,0
12,7,1,0
12,7,2,0
12,7,3,0
12,7,4,0
12,7,5,0
12,7,6,0
12,7,7,0
12,7,8,0
12,7,9,0
12,7,10,0
12,7,11,0
12,7,12,0
12,7,13,0
12,7,14,0
12,7,15,0
12,7,16,0
12,7,17,0
12,7,18,0
12,7,19,0
12,7,20,0
12,7,21,0
12,7,22,0
12,7,23,0
12,7,24,0
12,7,25,0
12,7,26,0
12,7,27,0
12,7,28,0
12,7,29,0
12,7,30,0
12,7,31,0
12,7,32,0
12,8,0,0
12,8,1,0
12,8,2,0
12,8,3,0
12,8,4,0
12,8,5,0
12,8,6,0
12,8,7,0
12,8,8,0
12,8,9,0
12,8,10,0
12,8,11,0
12,8,12,0
12,8,13,0
12,8,14,0
12,8,15,0
12,8,16,0
12,8,17,0
12,8,18,0
12,8,19,0
12,8,20,0
12,8,21,0
12,8,22,0
12,8,23,0
12,8,24,0
12,8,25,0
12,8,26,0
12,8,27,0
12,8,28,0
12,8,29,0
12,8,30,0
12,8,31,0
12,8,32,0
12,9,0,0
12,9,1,0
12,9,2,0
12,9,3,0
12,9,4,0
12,9,5,0
12,9,6,0
12,9,7,0
12,9,8,0
12,9,9,0
12,9,10,0
12,9,11,0
12,9,12,0
12,9,13,0
12,9,14,0
12,9,15,0
12,9,16,0
12,9,17,0
12,9,18,0
12,9,19,0
12,9,20,0
12,9,21,0
12,9,22,0
12,9,23,0
12,9,24,0
12,9,25,0
12,9,26,0
12,9,27,0
12,9,28,0
12,9,29,0
12,9,30,0
12,9,31,0
12,9,32,0
12,10,0,0
12,10,1,0
12,10,2,0
12,10,3,0
12,10,4,0
12,10,5,0
12,10,6,0
12,10,7,0
12,10,8,0
12,10,9,0
12,10,10,0
12,10,11,0
12,10,12,0
12,10,13,0
12,10,14,0
12,10,15,0
12,10,16,0
12,10,17,0
12,10,18,0
12,10,19,0
12,10,20,0
12,10,21,0
12,10,22,0
12,10,23,0
12,10,24,0
12,10,25,0
12,10,26,0
12,10,27,0
12,10,28,0
12,10,29,0
12,10,30,0
12,10,31,0
12,10,32,0
12,11,0,0
12,11,1,0
12,11,2,0
12,11,3,0
12,11,4,0
12,11,5,0
12,11,6,0
12,11,7,0
12,11,8,0
12,11,9,0
12,11,10,0
12,11,11,0
12,11,12,0
12,11,13,0
12,11,14,0
12,11,15,0
12,11,16,0
12,11,17,0
12,11,18,0
12,11,19,0
12,11,20,0
12,11,21,0
12,11,22,0
12,11,23,0
12,11,24,0
12,11,25,0
12,11,26,0
12,11,27,0
12,11,28,0
12,11,29,0
12,11,30,0
12,11,31,0
12,11,32,0
12,12,0,0
12,12,1,0
12,12,2,0
12,12,3,0
12,12,4,0
12,12,5,0
12,12,6,0
12,12,7,0
12,12,8,0
12,12,9,0
12,12,10,0
12,12,11,0
12,12,12,0
12,12,13,0
12,12,14,0
12,12,15,0
12,12,16,0
12,12,17,0
12,12,18,0
12,12,19,0
12,12,20,0
12,12,21,0
12,12,22,0
12,12,23,0
12,12,24,0
12,12,25,0
12,12,26,0
12,12,27,0
12,12,28,0
12,12,29,0
12,12,30,0
12,12,31,0
12,12,32,0
12,13,0,0
12,13,1,0
12,13,2,0
12,13,3,0
12,13,4,0
12,13,5,0
12,13,6,0
12,13,7,0
12,13,8,0
12,13,9,0
12,13,10,0
12,13,11,0
12,13,12,0
12,13,13,0
12,13,14,0
12,13,15,0
12,13,16,0
12,13,17,0
12,13,18,0
12,13,19,0
12,13,20,0
12,13,21,0
12,13,22,0
12,13,23,0
12,13,24,0
12,13,25,0
12,13,26,0
12,13,27,0
12,13,28,0
12,13,29,0
12,13,30,0
12,13,31,0
12,13,32,0
13,5,0,0
13,5,1,0
13,5,2,0
13,5,3,0
13,5,4,0
13,5,5,0
13,5,6,0
13,5,7,0
13,5,8,0
13,5,9,0
13,5,10,0
13,5,11,0
13,5,12,0
13,5,13,0
13,5,14,0
13,5,15,0
13,5,16,0
13,5,17,1
13,5,18,1
13,5,19,1
13,5,20,0
13,5,21,0
13,5,22,0
13,5,23,0
13,5,24,0
13,5,25,0
13,5,26,0
13,5,27,0
13,5,28,0
13,5,29,0
13,5,30,0
13,5,31,0
13,5,32,0
13,6,0,0
13,6,1,0
13,6,2,0
13,6,3,0
13,6,4,0
13,6,5,0
13,6,6,0
13,6,7,0
13,6,8,0
13,6,9,0
13,6,10,0
13,6,11,0
13,6,12,0
13,6,13,0
13,6,14,0
13,6,15,0
13,6,16,0
13,6,17,0
13,6,18,0
13,6,19,0
13,6,20,0
13,6,21,0
13,6,22,0
13,6,23,0
13,6,24,0
13,6,25,0
13,6,26,0
13,6,27,0
13,6,28,0
13,6,29,0
13,6,30,0
13,6,31,0
13,6,32,0
13,7,0,0
13,7,1,0
13,7,2,0
13,7,3,0
13,7,4,0
13,7,5,0
13,7,6,0
13,7,7,0
13,7,8,0
13,7,9,0
13,7,10,0
13,7,11,0
13,7,12,0
13,7,13,0
13,7,14,0
13,7,15,0
13,7,16,0
13,7,17,0
13,7,18,0
13,7,19,0
13,7,20,0
13,7,21,0
13,7,22,0
13,7,23,0
13,7,24,0
13,7,25,0
13,7,26,0
13,7,27,0
13,7,28,0
13,7,29,0
13,7,30,0
13,7,31,0
13,7,32,0
13,8,0,0
13,8,1,0
13,8,2,0
13,8,3,0
13,8,4,0
13,8,5,0
13,8,6,0
13,8,7,0
13,8,8,0
13,8,9,0
13,8,10,0
13,8,11,0
13,8,12,0
13,8,13,0
13,8,14,0
13,8,15,0
13,8,16,0
13,8,17,0
13,8,18,0
13,8,19,0
13,8,20,0
13,8,21,0
13,8,22,0
13,8,23,0
13,8,24,0
13,8,25,0
13,8,26,0
13,8,27,0
13,8,28,0
13,8,29,0
13,8,30,0
13,8,31,0
13,8,32,0
13,9,0,0
13,9,1,0
13,9,2,0
13,9,3,0
13,9,4,0
13,9,5,0
13,9,6,0
13,9,7,0
13,9,8,0
13,9,9,0
13,9,10,0
13,9,11,0
13,9,12,0
13,9,13,0
13,9,14,0
13,9,15,0
13,9,16,0
13,9,17,0
13,9,18,0
13,9,19,0
13,9,20,0
13,9,21,0
13,9,22,0
13,9,23,0
13,9,24,0
13,9,25,0
13,9,26,0
13,9,27,0
13,9,28,0
13,9,29,0
13,9,30,0
13,9,31,0
13,9,32,0
13,10,0,0
13,10,1,0
13,10,2,0
13,10,3,0
13,10,4,0
13,10,5,0
13,10,6,0
13,10,7,0
13,10,8,0
13,10,9,0
13,10,10,0
13,10,11,0
13,10,12,0
13,10,13,0
13,10,14,0
13,10,15,0
13,10,16,0
13,10,17,0
13,10,18,0
13,10,19,0
13,10,20,0
13,10,21,0
13,10,22,0
13,10,23,0
13,10,24,0
13,10,25,0
13,10,26,0
13,10,27,0
13,10,28,0
13,10,29,0
13,10,30,0
13,10,31,0
13,10,32,0
13,11,0,0
13,11,1,0
13,11,2,0
13,11,3,0
13,11,4,0
13,11,5,0
13,11,6,0
13,11,7,0
13,11,8,0
13,11,9,0
13,11,10,0
13,11,11,0
13,11,12,0
13,11,13,0
13,11,14,0
13,11,15,0
13,11,16,0
13,11,17,0
13,11,18,0
13,11,19,0
13,11,20,0
13,11,21,0
13,11,22,0
13,11,23,0
13,11,24,0
13,11,25,0
13,11,26,0
13,11,27,0
13,11,28,0
13,11,29,0
13,11,30,0
13,11,31,0
13,11,32,0
13,12,0,0
13,12,1,0
13,12,2,0
13,12,3,0
13,12,4,0
13,12,5,0
13,12,6,0
13,12,7,0
13,12,8,0
13,12,9,0
13,12,10,0
13,12,11,0
13,12,12,0
13,12,13,0
13,12,14,0
13,12,15,0
13,12,16,0
13,12,17,0
13,12,18,0
13,12,19,0
13,12,20,0
13,12,21,0
13,12,22,0
13,12,23,0
13,12,24,0
13,12,25,0
13,12,26,0
13,12,27,0
13,12,28,0
13,12,29,0
13,12,30,0
13,12,31,0
13,12,32,0
13,13,0,0
13,13,1,0
13,13,2,0
13,13,3,0
13,13,4,0
13,13,5,0
13,13,6,0
13,13,7,0
13,13,8,0
13,13,9,0
13,13,10,0
13,13,11,0
13,13,12,0
13,13,13,0
13,13,14,0
13,13,15,0
13,13,16,0
13,13,17,0
13,13,18,0
13,13,19,0
13,13,20,0
13,13,21,0
13,13,22,0
13,13,23,0
13,13,24,0
13,13,25,0
13,13,26,0
13,13,27,0
13,13,28,0
13,13,29,0
13,13,30,0
13,13,31,0
13,13,32,0
14,5,0,0
14,5,1,0
14,5,2,0
14,5,3,0
14,5,4,0
14,5,5,0
14,5,6,0
14,5,7,0
14,5,8,0
14,5,9,0
14,5,10,0
14,5,11,0
14,5,12,0
14,5,13,0
14,5,14,0
14,5,15,0
14,5,16,0
14,5,17,0
14,5,18,1
14,5,19,1
14,5,20,0
14,5,21,0
14,5,22,0
14,5,23,0
14,5,24,0
14,5,25,0
14,5,26,0
14,5,27,0
14,5,28,0
14,5,29,0
14,5,30,0
14,5,31,0
14,5,32,0
14,6,0,0
14,6,1,0
14,6,2,0
14,6,3,0
14,6,4,0
14,6,5,0
14,6,6,0
14,6,7,0
14,6,8,0
14,6,9,0
14,6,10,0
14,6,11,0
14,6,12,0
14,6,13,0
14,6,14,0
14,6,15,0
14,6,16,0
14,6,17,0
14,6,18,0
14,6,19,0
14,6,20,0
14,6,21,0
14,6,22,0
14,6,23,0
14,6,24,0
14,6,25,0
14,6,26,0
14,6,27,0
14,6,28,0
14,6,29,0
14,6,30,0
14,6,31,0
14,6,32,0
14,7,0,0
14,7,1,0
14,7,2,0
14,7,3,0
14,7,4,0
14,7,5,0
14,7,6,0
14,7,7,0
14,7,8,0
14,7,9,0
14,7,10,0
14,7,11,0
14,7,12,0
14,7,13,0
14,7,14,0
14,7,15,0
14,7,16,0
14,7,17,0
14,7,18,0
14,7,19,0
14,7,20,0
14,7,21,0
14,7,22,0
14,7,23,0
14,7,24,0
14,7,25,0
14,7,26,0
14,7,27,0
14,7,28,0
14,7,29,0
14,7,30,0
14,7,31,0
14,7,32,0
14,8,0,0
14,8,1,0
14,8,2,0
14,8,3,0
14,8,4,0
14,8,5,0
14,8,6,0
14,8,7,0
14,8,8,0
14,8,9,0
14,8,10,0
14,8,11,0
14,8,12,0
14,8,13,0
14,8,14,0
14,8,15,0
14,8,16,0
14,8,17,0
14,8,18,0
14,8,19,0
14,8,20,0
14,8,21,0
14,8,22,0
14,8,23,0
14,8,24,0
14,8,25,0
14,8,26,0
14,8,27,0
14,8,28,0
14,8,29,0
14,8,30,0
14,8,31,0
14,8,32,0
14,9,0,0
14,9,1,0
14,9,2,0
14,9,3,0
14,9,4,0
14,9,5,0
14,9,6,0
14,9,7,0
14,9,8,0
14,9,9,0
14,9,10,0
14,9,11,0
14,9,12,0
14,9,13,0
14,9,14,0
14,9,15,0
14,9,16,0
14,9,17,0
14,9,18,0
14,9,19,0
14,9,20,0
14,9,21,0
14,9,22,0
14,9,23,0
14,9,24,0
14,9,25,0
14,9,26,0
14,9,27,0
14,9,28,0
14,9,29,0
14,9,30,0
14,9,31,0
14,9,32,0
14,10,0,0
14,10,1,0
14,10,2,0
14,10,3,0
14,10,4,0
14,10,5,0
14,10,6,0
14,10,7,0
14,10,8,0
14,10,9,0
14,10,10,0
14,10,11,0
14,10,12,0
14,10,13,0
14,10,14,0
14,10,15,0
14,10,16,0
14,10,17,0
14,10,18,0
14,10,19,0
14,10,20,0
14,10,21,0
14,10,22,0
14,10,23,0
14,10,24,0
14,10,25,0
14,10,26,0
14,10,27,0
14,10,28,0
14,10,29,0
14,10,30,0
14,10,31,0
14,10,32,0
14,11,0,0
14,11,1,0
14,11,2,0
14,11,3,0
14,11,4,0
14,11,5,0
14,11,6,0
14,11,7,0
14,11,8,0
14,11,9,0
14,11,10,0
14,11,11,0
14,11,12,0
14,11,13,0
14,11,14,0
14,11,15,0
14,11,16,0
14,11,17,0
14,11,18,0
14,11,19,0
14,11,20,0
14,11,21,0
14,11,22,0
14,11,23,0
14,11,24,0
14,11,25,0
14,11,26,0
14,11,27,0
14,11,28,0
14,11,29,0
14,11,30,0
14,11,31,0
14,11,32,0
14,12,0,0
14,12,1,0
14,12,2,0
14,12,3,0
14,12,4,0
14,12,5,0
14,12,6,0
14,12,7,0
14,12,8,0
14,12,9,0
14,12,10,0
14,12,11,0
14,12,12,0
14,12,13,0
14,12,14,0
14,12,15,0
14,12,16,0
14,12,17,0
14,12,18,0
14,12,19,0
14,12,20,0
14,12,21,0
14,12,22,0
14,12,23,0
14,12,24,0
14,12,25,0
14,12,26,0
14,12,27,0
14,12,28,0
14,12,29,0
14,12,30,0
14,12,31,0
14,12,32,0
14,13,0,0
14,13,1,0
14,13,2,0
14,13,3,0
14,13,4,0
14,13,5,0
14,13,6,0
14,13,7,0
14,13,8,0
14,13,9,0
14,13,10,0
14,13,11,0
14,13,12,0
14,13,13,0
14,13,14,0
14,13,15,0
14,13,16,0
14,13,17,0
14,13,18,0
14,13,19,0
14,13,20,0
14,13,21,0
14,13,22,0
14,13,23,0
14,13,24,0
14,13,25,0
14,13,26,0
14,13,27,0
14,13,28,0
14,13,29,0
14,13,30,0
14,13,31,0
14,13,32,0
15,5,0,0
15,5,1,0
15,5,2,0
15,5,3,0
15,5,4,0
15,5,5,0
15,5,6,0
15,5,7,0
15,5,8,0
15,5,9,0
15,5,10,0
15,5,11,0
15,5,12,0
15,5,13,0
15,5,14,0
15,5,15,0
15,5,16,0
15,5,17,0
15,5,18,0
15,5,19,1
15,5,20,0
15,5,21,0
15,5,22,0
15,5,23,0
15,5,24,0
15,5,25,0
15,5,26,0
15,5,27,0
15,5,28,0
15,5,29,0
15,5,30,0
15,5,31,0
15,5,32,0
15,6,0,0
15,6,1,0
15,6,2,0
15,6,3,0
15,6,4,0
15,6,5,0
15,6,6,0
15,6,7,0
15,6,8,0
15,6,9,0
15,6,10,0
15,6,11,0
15,6,12,0
15,6,13,0
15,6,14,0
15,6,15,0
15,6,16,0
15,6,17,0
15,6,18,0
15,6,19,0
15,6,20,0
15,6,21,0
15,6,22,0
15,6,23,0
15,6,24,0
15,6,25,0
15,6,26,0
15,6,27,0
15,6,28,0
15,6,29,0
15,6,30,0
15,6,31,0
15,6,32,0
15,7,0,0
15,7,1,0
15,7,2,0
15,7,3,0
15,7,4,0
15,7,5,0
15,7,6,0
15,7,7,0
15,7,8,0
15,7,9,0
15,7,10,0
15,7,11,0
15,7,12,0
15,7,13,0
15,7,14,0
15,7,15,0
15,7,16,0
15,7,17,0
15,7,18,0
15,7,19,0
15,7,20,0
15,7,21,0
15,7,22,0
15,7,23,0
15,7,24,0
15,7,25,0
15,7,26,0
15,7,27,0
15,7,28,0
15,7,29,0
15,7,30,0
15,7,31,0
15,7,32,0
15,8,0,0
15,8,1,0
15,8,2,0
15,8,3,0
15,8,4,0
15,8,5,0
15,8,6,0
15,8,7,0
15,8,8,0
15,8,9,0
15,8,10,0
15,8,11,0
15,8,12,0
15,8,13,0
15,8,14,0
15,8,15,0
15,8,16,0
15,8,17,0
15,8,18,0
15,8,19,0
15,8,20,0
15,8,21,0
15,8,22,0
15,8,23,0
15,8,24,0
15,8,25,0
15,8,26,0
15,8,27,0
15,8,28,0
15,8,29,0
15,8,30,0
15,8,31,0
15,8,32,0
15,9,0,0
15,9,1,0
15,9,2,0
15,9,3,0
15,9,4,0
15,9,5,0
15,9,6,0
15,9,7,0
15,9,8,0
15,9,9,0
15,9,10,0
15,9,11,0
15,9,12,0
15,9,13,0
15,9,14,0
15,9,15,0
15,9,16,0
15,9,17,0
15,9,18,0
15,9,19,0
15,9,20,0
15,9,21,0
15,9,22,0
15,9,23,0
15,9,24,0
15,9,25,0
15,9,26,0
15,9,27,0
15,9,28,0
15,9,29,0
15,9,30,0
15,9,31,0
15,9,32,0
15,10,0,0
15,10,1,0
15,10,2,0
15,10,3,0
15,10,4,0
15,10,5,0
15,10,6,0
15,10,7,0
15,10,8,0
15,10,9,0
15,10,10,0
15,10,11,0
15,10,12,0
15,10,13,0
15,10,14,0
15,10,15,0
15,10,16,0
15,10,17,0
15,10,18,0
15,10,19,0
15,10,20,0
15,10,21,0
15,10,22,0
15,10,23,0
15,10,24,0
15,10,25,0
15,10,26,0
15,10,27,0
15,10,28,0
15,10,29,0
15,10,30,0
15,10,31,0
15,10,32,0
15,11,0,0
15,11,1,0
15,11,2,0
15,11,3,0
15,11,4,0
15,11,5,0
15,11,6,0
15,11,7,0
15,11,8,0
15,11,9,0
15,11,10,0
15,11,11,0
15,11,12,0
15,11,13,0
15,11,14,0
15,11,15,0
15,11,16,0
15,11,17,0
15,11,18,0
15,11,19,0
15,11,20,0
15,11,21,0
15,11,22,0
15,11,23,0
15,11,24,0
15,11,25,0
15,11,26,0
15,11,27,0
15,11,28,0
15,11,29,0
15,11,30,0
15,11,31,0
15,11,32,0
15,12,0,0
15,12,1,0
15,12,2,0
15,12,3,0
15,12,4,0
15,12,5,0
15,12,6,0
15,12,7,0
15,12,8,0
15,12,9,0
15,12,10,0
15,12,11,0
15,12,12,0
15,12,13,0
15,12,14,0
15,12,15,0
15,12,16,0
15,12,17,0
15,12,18,0
15,12,19,0
15,12,20,0
15,12,21,0
15,12,22,0
15,12,23,0
15,12,24,0
15,12,25,0
15,12,26,0
15,12,27,0
15,12,28,0
15,12,29,0
15,12,30,0
15,12,31,0
15,12,32,0
15,13,0,0
15,13,1,0
15,13,2,0
15,13,3,0
15,13,4,0
15,13,5,0
15,13,6,0
15,13,7,0
15,13,8,0
15,13,9,0
15,13,10,0
15,13,11,0
15,13,12,0
15,13,13,0
15,13,14,0
15,13,15,0
15,13,16,0
15,13,17,0
15,13,18,0
15,13,19,0
15,13,20,0
15,13,21,0
15,13,22,0
15,13,23,0
15,13,24,0
15,13,25,0
15,13,26,0
15,13,27,0
15,13,28,0
15,13,29,0
15,13,30,0
15,13,31,0
15,13,32,0
16,5,0,0
16,5,1,0
16,5,2,0
16,5,3,0
16,5,4,0
16,5,5,0
16,5,6,0
16,5,7,0
16,5,8,0
16,5,9,0
16,5,10,0
16,5,11,0
16,5,12,0
16,5,13,0
16,5,14,0
16,5,15,0
16,5,16,0
16,5,17,0
16,5,18,0
16,5,19,1
16,5,20,0
16,5,21,0
16,5,22,0
16,5,23,0
16,5,24,0
16,5,25,0
16,5,26,0
16,5,27,0
16,5,28,0
16,5,29,0
16,5,30,0
16,5,31,0
16,5,32,0
16,6,0,0
16,6,1,0
16,6,2,0
16,6,3,0
16,6,4,0
16,6,5,0
16,6,6,0
16,6,7,0
16,6,8,0
16,6,9,0
16,6,10,0
16,6,11,0
16,6,12,0
16,6,13,0
16,6,14,0
16,6,15,0
16,6,16,0
16,6,17,0
16,6,18,0
16,6,19,0
16,6,20,0
16,6,21,0
16,6,22,0
16,6,23,0
16,6,24,0
16,6,25,0
16,6,26,0
16,6,27,0
16,6,28,0
16,6,29,0
16,6,30,0
16,6,31,0
16,6,32,0
16,7,0,0
16,7,1,0
16,7,2,0
16,7,3,0
16,7,4,0
16,7,5,0
16,7,6,0
16,7,7,0
16,7,8,0
16,7,9,0
16,7,10,0
16,7,11,0
16,7,12,0
16,7,13,0
16,7,14,0
16,7,15,0
16,7,16,0
16,7,17,0
16,7,18,0
16,7,19,0
16,7,20,0
16,7,21,0
16,7,22,0
16,7,23,0
16,7,24,0
16,7,25,0
16,7,26,0
16,7,27,0
16,7,28,0
16,7,29,0
16,7,30,0
16,7,31,0
16,7,32,0
16,8,0,0
16,8,1,0
16,8,2,0
16,8,3,0
16,8,4,0
16,8,5,0
16,8,6,0
16,8,7,0
16,8,8,0
16,8,9,0
16,8,10,0
16,8,11,0
16,8,12,0
16,8,13,0
16,8,14,0
16,8,15,0
16,8,16,0
16,8,17,0
16,8,18,0
16,8,19,0
16,8,20,0
16,8,21,0
16,8,22,0
16,8,23,0
16,8,24,0
16,8,25,0
16,8,26,0
16,8,27,0
16,8,28,0
16,8,29,0
16,8,30,0
16,8,31,0
16,8,32,0
16,9,0,0
16,9,1,0
16,9,2,0
16,9,3,0
16,9,4,0
16,9,5,0
16,9,6,0
16,9,7,0
16,9,8,0
16,9,9,0
16,9,10,0
16,9,11,0
16,9,12,0
16,9,13,0
16,9,14,0
16,9,15,0
16,9,16,0
16,9,17,0
16,9,18,0
16,9,19,0
16,9,20,0
16,9,21,0
16,9,22,0
16,9,23,0
16,9,24,0
16,9,25,0
16,9,26,0
16,9,27,0
16,9,28,0
16,9,29,0
16,9,30,0
16,9,31,0
16,9,32,0
16,10,0,0
16,10,1,0
16,10,2,0
16,10,3,0
16,10,4,0
16,10,5,0
16,10,6,0
16,10,7,0
16,10,8,0
16,10,9,0
16,10,10,0
16,10,11,0
16,10,12,0
16,10,13,0
16,10,14,0
16,10,15,0
16,10,16,0
16,10,17,0
16,10,18,0
16,10,19,0
16,10,20,0
16,10,21,0
16,10,22,0
16,10,23,0
16,10,24,0
16,10,25,0
16,10,26,0
16,10,27,0
16,10,28,0
16,10,29,0
16,10,30,0
16,10,31,0
16,10,32,0
16,11,0,0
16,11,1,0
16,11,2,0
16,11,3,0
16,11,4,0
16,11,5,0
16,11,6,0
16,11,7,0
16,11,8,0
16,11,9,0
16,11,10,0
16,11,11,0
16,11,12,0
16,11,13,0
16,11,14,0
16,11,15,0
16,11,16,0
16,11,17,0
16,11,18,0
16,11,19,0
16,11,20,0
16,11,21,0
16,11,22,0
16,11,23,0
16,11,24,0
16,11,25,0
16,11,26,0
16,11,27,0
16,11,28,0
16,11,29,0
16,11,30,0
16,11,31,0
16,11,32,0
16,12,0,0
16,12,1,0
16,12,2,0
16,12,3,0
16,12,4,0
16,12,5,0
16,12,6,0
16,12,7,0
16,12,8,0
16,12,9,0
16,12,10,0
16,12,11,0
16,12,12,0
16,12,13,0
16,12,14,0
16,12,15,0
16,12,16,0
16,12,17,0
16,12,18,0
16,12,19,0
16,12,20,0
16,12,21,0
16,12,22,0
16,12,23,0
16,12,24,0
16,12,25,0
16,12,26,0
16,12,27,0
16,12,28,0
16,12,29,0
16,12,30,0
16,12,31,0
16,12,32,0
16,13,0,0
16,13,1,0
16,13,2,0
16,13,3,0
16,13,4,0
16,13,5,0
16,13,6,0
16,13,7,0
16,13,8,0
16,13,9,0
16,13,10,0
16,13,11,0
16,13,12,0
16,13,13,0
16,13,14,0
16,13,15,0
16,13,16,0
16,13,17,0
16,13,18,0
16,13,19,0
16,13,20,0
16,13,21,0
16,13,22,0
16,13,23,0
16,13,24,0
16,13,25,0
16,13,26,0
16,13,27,0
16,13,28,0
16,13,29,0
16,13,30,0
16,13,31,0
16,13,32,0
