3804
0,1,5,0
0,1,14,1
0,1,70,1
0,1,99,0
0,2,14,1
0,2,70,1
0,3,14,1
0,3,70,1
0,3,74,2
0,3,76,2
0,3,77,3
0,4,40,4
0,4,48,4
0,4,73,5
0,4,74,6
0,4,75,5
0,4,76,6
0,4,77,7
0,4,78,3
0,5,40,8
0,5,48,8
0,5,73,4
0,5,74,6
0,5,75,4
0,5,76,6
0,5,77,9
0,5,78,3
0,6,40,2
0,6,48,2
0,6,74,8
0,6,76,8
0,6,77,3
0,6,78,3
0,7,40,5
0,7,48,5
1,0,93,10
1,1,1,0
1,1,2,11
1,1,3,0
1,1,6,0
1,1,7,0
1,1,8,0
1,1,9,0
1,1,10,0
1,1,11,0
1,1,12,0
1,1,13,0
1,1,14,0
1,1,15,0
1,1,16,0
1,1,17,0
1,1,18,0
1,1,19,0
1,1,20,0
1,1,21,0
1,1,22,0
1,1,23,0
1,1,24,0
1,1,25,0
1,1,26,0
1,1,27,0
1,1,28,0
1,1,29,0
1,1,30,0
1,1,31,0
1,1,32,0
1,1,33,0
1,1,34,0
1,1,35,0
1,1,36,1
1,1,37,1
1,1,38,0
1,1,39,0
1,1,40,0
1,1,41,0
1,1,42,0
1,1,43,0
1,1,44,0
1,1,45,0
1,1,46,0
1,1,47,0
1,1,48,0
1,1,49,0
1,1,50,0
1,1,51,0
1,1,52,0
1,1,53,0
1,1,54,0
1,1,55,0
1,1,56,0
1,1,57,0
1,1,58,0
1,1,59,1
1,1,61,1
1,1,62,0
1,1,63,0
1,1,64,0
1,1,65,0
1,1,66,0
1,1,67,0
1,1,68,0
1,1,69,0
1,1,70,0
1,1,71,0
1,1,72,0
1,1,73,0
1,1,74,0
1,1,75,0
1,1,76,0
1,1,77,0
1,1,78,0
1,1,79,0
1,1,80,0
1,1,81,0
1,1,82,0
1,1,83,0
1,1,84,0
1,1,85,0
1,1,86,0
1,1,87,0
1,1,88,0
1,1,89,0
1,1,90,0
1,1,91,0
1,1,92,0
1,1,94,0
1,1,95,0
1,1,96,0
1,1,97,0
1,2,36,1
1,2,37,1
1,2,59,1
1,2,61,1
1,2,91,12
1,3,9,2
1,3,10,2
1,3,11,2
1,3,12,2
1,3,13,2
1,3,14,2
1,3,15,2
1,3,16,2
1,3,17,2
1,3,18,2
1,3,19,2
1,3,24,2
1,3,25,2
1,3,26,2
1,3,27,2
1,3,28,2
1,3,29,2
1,3,30,2
1,3,31,2
1,3,32,2
1,3,33,2
1,3,34,2
1,3,36,1
1,3,37,1
1,3,39,2
1,3,40,2
1,3,41,2
1,3,42,2
1,3,43,2
1,3,44,2
1,3,45,2
1,3,46,2
1,3,47,2
1,3,48,2
1,3,49,2
1,3,54,13
1,3,55,14
1,3,56,14
1,3,57,14
1,3,59,1
1,3,61,1
1,3,63,14
1,3,64,14
1,3,65,14
1,3,66,13
1,3,70,4
1,3,71,4
1,3,72,4
1,3,73,6
1,3,74,6
1,3,75,6
1,3,76,6
1,3,77,6
1,3,78,2
1,3,79,2
1,3,80,2
1,3,81,2
1,3,82,2
1,3,83,2
1,3,84,2
1,3,85,2
1,3,86,2
1,3,87,2
1,3,88,2
1,3,89,2
1,3,90,12
1,3,91,5
1,4,9,13
1,4,10,6
1,4,11,6
1,4,12,13
1,4,16,13
1,4,17,6
1,4,18,6
1,4,19,13
1,4,24,13
1,4,25,15
1,4,26,15
1,4,27,13
1,4,28,15
1,4,29,15
1,4,30,15
1,4,31,13
1,4,32,15
1,4,33,15
1,4,34,13
1,4,39,13
1,4,40,16
1,4,41,17
1,4,42,17
1,4,43,17
1,4,44,18
1,4,45,17
1,4,46,17
1,4,47,17
1,4,48,16
1,4,49,13
1,4,54,13
1,4,55,19
1,4,56,18
1,4,57,19
1,4,63,19
1,4,64,18
1,4,65,19
1,4,66,13
1,4,71,5
1,4,72,5
1,4,73,6
1,4,74,16
1,4,75,6
1,4,76,20
1,4,77,21
1,4,78,22
1,4,82,3
1,4,86,3
1,5,9,13
1,5,10,6
1,5,11,6
1,5,12,13
1,5,16,13
1,5,17,6
1,5,18,6
1,5,19,13
1,5,24,13
1,5,25,18
1,5,26,14
1,5,27,13
1,5,28,14
1,5,29,18
1,5,30,14
1,5,31,13
1,5,32,14
1,5,33,18
1,5,34,13
1,5,39,13
1,5,40,14
1,5,41,14
1,5,42,14
1,5,43,16
1,5,44,18
1,5,45,16
1,5,46,14
1,5,47,14
1,5,48,14
1,5,49,13
1,5,54,13
1,5,55,19
1,5,56,18
1,5,57,19
1,5,63,19
1,5,64,18
1,5,65,19
1,5,66,13
1,5,71,4
1,5,72,4
1,5,73,6
1,5,74,16
1,5,75,6
1,5,76,20
1,5,77,21
1,5,78,23
1,5,82,3
1,5,86,3
1,6,9,13
1,6,10,0
1,6,11,0
1,6,12,13
1,6,16,13
1,6,17,0
1,6,18,0
1,6,19,13
1,6,24,13
1,6,25,0
1,6,26,0
1,6,27,13
1,6,28,0
1,6,29,0
1,6,30,0
1,6,31,13
1,6,32,0
1,6,33,0
1,6,34,13
1,6,39,13
1,6,40,16
1,6,41,0
1,6,42,0
1,6,43,18
1,6,44,18
1,6,45,18
1,6,46,0
1,6,47,0
1,6,48,16
1,6,49,13
1,6,54,13
1,6,55,18
1,6,56,18
1,6,57,18
1,6,58,5
1,6,62,5
1,6,63,18
1,6,64,18
1,6,65,18
1,6,66,13
1,6,71,5
1,6,72,5
1,6,73,6
1,6,74,16
1,6,75,6
1,6,76,6
1,6,77,6
1,6,78,3
1,7,9,13
1,7,10,6
1,7,11,6
1,7,12,13
1,7,13,14
1,7,14,14
1,7,15,14
1,7,16,13
1,7,17,6
1,7,18,6
1,7,19,13
1,7,24,13
1,7,25,15
1,7,26,15
1,7,27,13
1,7,28,15
1,7,29,15
1,7,30,15
1,7,31,13
1,7,32,15
1,7,33,15
1,7,34,13
1,7,39,13
1,7,40,16
1,7,41,17
1,7,42,17
1,7,43,14
1,7,44,14
1,7,45,14
1,7,46,17
1,7,47,17
1,7,48,16
1,7,49,13
1,7,54,13
1,7,55,19
1,7,56,19
1,7,57,19
1,7,58,4
1,7,62,4
1,7,63,19
1,7,64,19
1,7,65,19
1,7,66,13
1,7,74,5
1,7,76,5
1,8,9,5
1,8,12,5
1,8,16,5
1,8,19,5
1,8,24,5
1,8,27,5
1,8,31,5
1,8,34,5
1,8,39,5
1,8,44,5
1,8,49,5
1,8,54,5
1,8,58,5
1,8,62,5
1,8,66,5
2,1,0,24
2,1,1,10
2,1,2,10
2,1,3,25
2,1,4,24
2,1,5,24
2,1,6,25
2,1,7,10
2,1,8,10
2,1,9,10
2,1,10,10
2,1,11,24
2,1,12,25
2,1,13,25
2,1,14,24
2,1,15,24
2,1,16,24
2,1,17,10
2,1,18,10
2,1,19,10
2,1,20,10
2,1,21,24
2,1,22,25
2,1,23,25
2,1,24,24
2,1,25,24
2,1,26,24
2,1,27,10
2,1,28,10
2,1,29,10
2,1,30,10
2,1,31,24
2,1,32,25
2,1,33,25
2,1,34,24
2,1,35,24
2,1,36,24
2,1,37,10
2,1,38,10
2,1,39,10
2,1,40,10
2,1,41,24
2,1,42,25
2,1,43,25
2,1,44,24
2,1,45,24
2,1,46,24
2,1,47,10
2,1,48,10
2,1,49,10
2,1,50,10
2,1,51,24
2,1,52,25
2,1,53,25
2,1,54,24
2,1,55,24
2,1,56,24
2,1,57,10
2,1,58,10
2,1,59,10
2,1,60,10
2,1,61,24
2,1,62,25
2,1,63,25
2,1,64,24
2,1,65,24
2,1,66,24
2,1,67,10
2,1,68,10
2,1,69,10
2,1,70,10
2,1,71,24
2,1,72,25
2,1,73,25
2,1,74,24
2,1,75,24
2,1,76,24
2,1,77,10
2,1,78,10
2,1,79,10
2,1,80,10
2,1,81,24
2,1,82,25
2,1,83,25
2,1,84,24
2,1,85,24
2,1,86,24
2,1,87,10
2,1,88,10
2,1,89,10
2,1,90,10
2,1,91,24
2,1,92,25
2,1,93,25
2,1,94,24
2,1,95,10
2,1,96,24
2,2,0,26
2,2,1,26
2,2,2,26
2,2,3,26
2,2,4,26
2,2,5,26
2,2,6,26
2,2,7,26
2,2,8,26
2,2,9,26
2,2,10,27
2,2,11,26
2,2,12,26
2,2,13,26
2,2,14,26
2,2,15,26
2,2,16,26
2,2,17,26
2,2,18,27
2,2,19,26
2,2,20,26
2,2,21,26
2,2,22,26
2,2,23,26
2,2,24,26
2,2,25,27
2,2,26,26
2,2,27,26
2,2,28,26
2,2,29,26
2,2,30,26
2,2,31,26
2,2,32,26
2,2,33,27
2,2,34,26
2,2,35,26
2,2,36,26
2,2,37,26
2,2,38,26
2,2,39,26
2,2,40,27
2,2,41,26
2,2,42,26
2,2,43,26
2,2,44,26
2,2,45,26
2,2,46,26
2,2,47,26
2,2,48,27
2,2,49,26
2,2,50,26
2,2,51,26
2,2,52,26
2,2,53,26
2,2,54,26
2,2,55,27
2,2,56,26
2,2,57,26
2,2,58,26
2,2,59,26
2,2,60,26
2,2,61,26
2,2,62,26
2,2,63,26
2,2,64,26
2,2,65,27
2,2,66,26
2,2,67,26
2,2,68,26
2,2,69,26
2,2,70,26
2,2,71,26
2,2,72,26
2,2,73,26
2,2,74,28
2,2,75,27
2,2,76,28
2,2,77,28
2,2,78,27
2,2,79,28
2,2,80,28
2,2,81,27
2,2,82,28
2,2,83,28
2,2,84,28
2,2,85,28
2,2,86,28
2,2,87,27
2,2,88,28
2,2,89,28
2,2,90,9
2,2,91,4
2,2,92,29
2,2,94,30
2,3,0,26
2,3,1,26
2,3,2,26
2,3,3,26
2,3,4,26
2,3,5,26
2,3,6,9
2,3,7,9
2,3,8,9
2,3,9,6
2,3,10,6
2,3,11,6
2,3,12,6
2,3,13,6
2,3,14,6
2,3,15,6
2,3,16,6
2,3,17,6
2,3,18,6
2,3,19,6
2,3,20,31
2,3,21,29
2,3,22,7
2,3,23,9
2,3,24,15
2,3,25,15
2,3,26,15
2,3,27,15
2,3,28,15
2,3,29,15
2,3,30,15
2,3,31,15
2,3,32,15
2,3,33,15
2,3,34,15
2,3,35,31
2,3,36,29
2,3,37,7
2,3,38,9
2,3,39,16
2,3,40,16
2,3,41,16
2,3,42,16
2,3,43,16
2,3,44,16
2,3,45,16
2,3,46,16
2,3,47,16
2,3,48,16
2,3,49,16
2,3,50,31
2,3,51,29
2,3,52,7
2,3,53,9
2,3,54,19
2,3,55,19
2,3,56,19
2,3,57,19
2,3,58,13
2,3,59,14
2,3,60,14
2,3,61,14
2,3,62,13
2,3,63,19
2,3,64,19
2,3,65,19
2,3,66,19
2,3,67,31
2,3,68,29
2,3,69,7
2,3,70,9
2,3,71,6
2,3,72,6
2,3,73,6
2,3,74,6
2,3,75,6
2,3,76,6
2,3,77,6
2,3,78,6
2,3,79,6
2,3,80,6
2,3,81,6
2,3,82,6
2,3,83,6
2,3,84,6
2,3,85,6
2,3,86,6
2,3,87,6
2,3,88,32
2,3,89,32
2,3,90,2
2,3,91,2
2,3,92,31
2,4,0,26
2,4,1,26
2,4,2,26
2,4,3,26
2,4,4,26
2,4,5,26
2,4,6,29
2,4,7,33
2,4,8,6
2,4,9,34
2,4,10,35
2,4,11,35
2,4,12,26
2,4,13,26
2,4,14,26
2,4,15,26
2,4,16,26
2,4,17,35
2,4,18,35
2,4,19,34
2,4,20,6
2,4,21,36
2,4,22,33
2,4,23,15
2,4,24,34
2,4,25,35
2,4,26,35
2,4,27,37
2,4,28,35
2,4,29,35
2,4,30,35
2,4,31,37
2,4,32,35
2,4,33,35
2,4,34,34
2,4,35,15
2,4,36,36
2,4,37,33
2,4,38,16
2,4,39,26
2,4,40,26
2,4,41,38
2,4,42,39
2,4,43,40
2,4,44,41
2,4,45,42
2,4,46,42
2,4,47,38
2,4,48,26
2,4,49,26
2,4,50,16
2,4,51,36
2,4,52,33
2,4,53,19
2,4,54,43
2,4,55,43
2,4,56,43
2,4,57,26
2,4,58,13
2,4,59,44
2,4,60,17
2,4,61,44
2,4,62,13
2,4,63,45
2,4,64,45
2,4,65,45
2,4,66,45
2,4,67,19
2,4,68,36
2,4,69,0
2,4,70,26
2,4,71,6
2,4,72,6
2,4,73,26
2,4,74,46
2,4,75,47
2,4,76,26
2,4,77,21
2,4,78,5
2,4,79,29
2,4,80,13
2,4,81,29
2,4,82,13
2,4,83,29
2,4,84,48
2,4,85,29
2,4,86,13
2,4,87,29
2,4,88,13
2,4,89,29
2,4,90,18
2,4,91,18
2,4,92,36
2,5,0,26
2,5,1,26
2,5,2,26
2,5,3,26
2,5,4,26
2,5,5,26
2,5,6,26
2,5,7,26
2,5,8,5
2,5,9,26
2,5,10,26
2,5,11,26
2,5,12,26
2,5,13,26
2,5,14,26
2,5,15,26
2,5,16,26
2,5,17,26
2,5,18,26
2,5,19,26
2,5,20,14
2,5,21,26
2,5,22,26
2,5,23,14
2,5,24,26
2,5,25,26
2,5,26,26
2,5,27,37
2,5,28,26
2,5,29,26
2,5,30,26
2,5,31,37
2,5,32,26
2,5,33,26
2,5,34,26
2,5,35,15
2,5,36,26
2,5,37,26
2,5,38,16
2,5,39,26
2,5,40,26
2,5,41,26
2,5,42,26
2,5,43,42
2,5,44,40
2,5,45,39
2,5,46,26
2,5,47,26
2,5,48,26
2,5,49,26
2,5,50,16
2,5,51,26
2,5,52,26
2,5,53,19
2,5,54,43
2,5,55,49
2,5,56,26
2,5,57,26
2,5,58,13
2,5,59,50
2,5,60,17
2,5,61,51
2,5,62,13
2,5,63,26
2,5,64,45
2,5,65,45
2,5,66,45
2,5,67,19
2,5,68,26
2,5,69,26
2,5,70,26
2,5,71,6
2,5,72,6
2,5,73,26
2,5,74,26
2,5,75,52
2,5,76,26
2,5,77,21
2,5,78,4
2,5,79,31
2,5,80,13
2,5,81,31
2,5,82,13
2,5,83,31
2,5,84,53
2,5,85,31
2,5,86,13
2,5,87,31
2,5,88,13
2,5,89,31
2,5,90,18
2,5,91,18
2,6,0,26
2,6,1,26
2,6,2,26
2,6,3,26
2,6,4,26
2,6,5,26
2,6,6,26
2,6,7,26
2,6,8,4
2,6,9,26
2,6,10,26
2,6,11,26
2,6,12,26
2,6,13,26
2,6,14,26
2,6,15,26
2,6,16,26
2,6,17,26
2,6,18,26
2,6,19,26
2,6,20,14
2,6,21,26
2,6,22,26
2,6,23,14
2,6,24,26
2,6,25,26
2,6,26,26
2,6,27,37
2,6,28,26
2,6,29,26
2,6,30,26
2,6,31,37
2,6,32,26
2,6,33,26
2,6,34,26
2,6,35,15
2,6,36,26
2,6,37,26
2,6,38,16
2,6,39,26
2,6,40,26
2,6,41,26
2,6,42,26
2,6,43,26
2,6,44,34
2,6,45,26
2,6,46,26
2,6,47,26
2,6,48,26
2,6,49,26
2,6,50,16
2,6,51,26
2,6,52,26
2,6,53,19
2,6,54,22
2,6,55,54
2,6,56,26
2,6,57,26
2,6,58,13
2,6,59,17
2,6,60,17
2,6,61,17
2,6,62,13
2,6,63,26
2,6,64,26
2,6,65,40
2,6,66,22
2,6,67,19
2,6,71,6
2,6,72,6
2,6,73,55
2,6,74,55
2,6,75,55
2,6,76,55
2,6,77,56
2,6,78,5
2,6,79,5
2,6,80,5
2,6,81,5
2,6,82,5
2,6,83,5
2,6,84,5
2,6,85,5
2,6,86,5
2,6,87,5
2,6,88,5
2,6,89,5
2,6,90,8
2,6,91,8
2,7,0,26
2,7,1,26
2,7,2,26
2,7,3,26
2,7,4,26
2,7,5,26
2,7,6,26
2,7,7,57
2,7,8,6
2,7,9,23
2,7,10,26
2,7,11,26
2,7,12,26
2,7,13,26
2,7,14,26
2,7,15,26
2,7,16,26
2,7,17,26
2,7,18,26
2,7,19,23
2,7,20,6
2,7,21,26
2,7,22,26
2,7,23,15
2,7,24,26
2,7,25,26
2,7,26,26
2,7,27,37
2,7,28,26
2,7,29,26
2,7,30,26
2,7,31,37
2,7,32,26
2,7,33,26
2,7,34,26
2,7,35,15
2,7,36,26
2,7,37,26
2,7,38,16
2,7,39,26
2,7,40,26
2,7,41,26
2,7,42,26
2,7,43,26
2,7,44,26
2,7,45,26
2,7,46,26
2,7,47,26
2,7,48,26
2,7,49,26
2,7,50,16
2,7,51,26
2,7,52,26
2,7,53,19
2,7,54,23
2,7,55,26
2,7,56,26
2,7,57,26
2,7,58,13
2,7,59,19
2,7,60,19
2,7,61,19
2,7,62,13
2,7,63,26
2,7,64,26
2,7,65,26
2,7,66,23
2,7,67,19
2,8,0,26
2,8,1,26
2,8,2,26
2,8,3,26
2,8,4,26
2,8,5,26
2,8,6,26
2,8,7,26
2,8,8,7
2,8,9,6
2,8,10,6
2,8,11,6
2,8,12,6
2,8,13,6
2,8,14,6
2,8,15,6
2,8,16,6
2,8,17,6
2,8,18,6
2,8,19,6
2,8,24,13
2,8,25,15
2,8,26,15
2,8,27,13
2,8,28,15
2,8,29,15
2,8,30,15
2,8,31,13
2,8,32,15
2,8,33,15
2,8,34,13
2,8,35,29
2,8,38,7
2,8,39,16
2,8,40,16
2,8,41,16
2,8,42,16
2,8,43,16
2,8,44,14
2,8,45,16
2,8,46,16
2,8,47,16
2,8,48,16
2,8,49,13
2,8,50,29
2,8,53,26
2,8,54,22
2,8,55,26
2,8,56,26
2,8,57,26
2,8,58,22
2,8,59,26
2,8,60,26
2,8,61,26
2,8,62,22
2,8,63,26
2,8,64,26
2,8,65,26
2,8,66,22
2,8,67,26
2,9,9,5
2,9,12,3
2,9,13,3
2,9,14,3
2,9,15,3
2,9,16,3
2,9,19,5
2,9,24,5
2,9,25,3
2,9,26,3
2,9,27,3
2,9,31,3
2,9,32,3
2,9,33,3
2,9,34,5
2,9,39,5
2,9,41,58
2,9,42,58
2,9,44,5
2,9,46,58
2,9,47,58
2,9,49,5
3,0,0,59
3,0,1,59
3,0,2,59
3,0,3,59
3,0,4,59
3,0,5,59
3,0,6,59
3,0,7,59
3,0,8,59
3,0,9,59
3,0,10,59
3,0,11,59
3,0,12,59
3,0,13,59
3,0,14,59
3,0,15,59
3,0,16,59
3,0,17,59
3,0,18,59
3,0,19,59
3,0,20,59
3,0,21,59
3,0,22,59
3,0,23,59
3,0,24,59
3,0,25,59
3,0,26,59
3,0,27,59
3,0,28,59
3,0,29,59
3,0,30,59
3,0,31,59
3,0,32,59
3,0,33,59
3,0,34,59
3,0,35,59
3,0,36,59
3,0,37,59
3,0,38,59
3,0,39,59
3,0,40,59
3,0,41,59
3,0,42,59
3,0,43,59
3,0,44,59
3,0,45,59
3,0,46,59
3,0,47,59
3,0,48,59
3,0,49,59
3,0,50,59
3,0,51,59
3,0,52,59
3,0,53,59
3,0,54,59
3,0,55,59
3,0,56,59
3,0,57,59
3,0,58,59
3,0,59,59
3,0,60,59
3,0,61,59
3,0,62,59
3,0,63,59
3,0,64,59
3,0,65,59
3,0,66,59
3,0,67,59
3,0,68,59
3,0,69,59
3,0,70,59
3,0,71,59
3,0,72,59
3,0,73,59
3,0,74,59
3,0,75,59
3,0,76,59
3,0,77,59
3,0,78,59
3,0,79,59
3,0,80,59
3,0,81,59
3,0,82,59
3,0,83,59
3,0,84,59
3,0,85,59
3,0,86,59
3,0,87,59
3,0,88,59
3,0,89,59
3,0,90,59
3,0,91,59
3,0,92,59
3,0,93,59
3,0,94,59
3,0,95,59
3,0,96,59
3,0,97,59
3,1,0,26
3,1,1,30
3,1,2,26
3,1,3,30
3,1,4,26
3,1,5,30
3,1,6,26
3,1,7,30
3,1,8,26
3,1,9,30
3,1,10,26
3,1,11,30
3,1,12,26
3,1,13,30
3,1,14,26
3,1,15,30
3,1,16,26
3,1,17,30
3,1,18,26
3,1,19,30
3,1,20,26
3,1,21,30
3,1,22,26
3,1,23,30
3,1,24,26
3,1,25,30
3,1,26,26
3,1,27,30
3,1,28,26
3,1,29,30
3,1,30,26
3,1,31,30
3,1,32,26
3,1,33,30
3,1,34,26
3,1,35,30
3,1,36,26
3,1,37,30
3,1,38,26
3,1,39,30
3,1,40,26
3,1,41,30
3,1,42,26
3,1,43,30
3,1,44,26
3,1,45,30
3,1,46,26
3,1,47,30
3,1,48,26
3,1,49,30
3,1,50,26
3,1,51,30
3,1,52,26
3,1,53,30
3,1,54,26
3,1,55,30
3,1,56,26
3,1,57,30
3,1,58,26
3,1,59,30
3,1,60,26
3,1,61,30
3,1,62,26
3,1,63,30
3,1,64,26
3,1,65,30
3,1,66,26
3,1,67,30
3,1,68,26
3,1,69,30
3,1,70,26
3,1,71,30
3,1,72,26
3,1,73,30
3,1,74,26
3,1,75,30
3,1,76,26
3,1,77,30
3,1,79,30
3,1,81,30
3,1,83,30
3,1,85,30
3,1,87,30
3,1,89,30
3,1,91,30
3,1,93,30
3,1,95,30
3,2,0,26
3,2,1,26
3,2,2,26
3,2,3,26
3,2,4,26
3,2,5,26
3,2,6,26
3,2,7,26
3,2,8,26
3,2,9,26
3,2,10,28
3,2,11,28
3,2,12,28
3,2,13,28
3,2,14,28
3,2,15,28
3,2,16,28
3,2,17,28
3,2,18,28
3,2,19,26
3,2,20,26
3,2,21,26
3,2,22,26
3,2,23,26
3,2,24,26
3,2,25,28
3,2,26,28
3,2,27,28
3,2,28,28
3,2,29,28
3,2,30,28
3,2,31,28
3,2,32,28
3,2,33,28
3,2,34,26
3,2,35,26
3,2,36,26
3,2,37,26
3,2,38,26
3,2,39,26
3,2,40,28
3,2,41,28
3,2,42,28
3,2,43,28
3,2,44,28
3,2,45,28
3,2,46,28
3,2,47,28
3,2,48,28
3,2,49,26
3,2,50,26
3,2,51,26
3,2,52,26
3,2,53,26
3,2,54,28
3,2,55,28
3,2,56,28
3,2,57,28
3,2,58,28
3,2,59,28
3,2,60,28
3,2,61,28
3,2,62,28
3,2,63,28
3,2,64,28
3,2,65,28
3,2,66,28
3,2,67,26
3,2,68,26
3,2,69,26
3,2,70,26
3,2,71,26
3,2,72,26
3,2,73,26
3,2,74,26
3,2,75,28
3,2,76,26
3,2,77,26
3,2,78,28
3,2,81,28
3,2,87,28
3,2,91,28
3,2,92,29
3,3,0,26
3,3,1,26
3,3,2,26
3,3,3,26
3,3,4,26
3,3,5,26
3,3,6,26
3,3,7,26
3,3,8,26
3,3,9,6
3,3,10,60
3,3,11,60
3,3,12,60
3,3,13,60
3,3,14,60
3,3,15,60
3,3,16,60
3,3,17,60
3,3,18,60
3,3,19,6
3,3,20,6
3,3,21,3
3,3,22,3
3,3,23,15
3,3,24,15
3,3,25,60
3,3,26,60
3,3,27,60
3,3,28,60
3,3,29,60
3,3,30,60
3,3,31,60
3,3,32,60
3,3,33,60
3,3,34,15
3,3,35,15
3,3,36,3
3,3,37,3
3,3,38,16
3,3,39,16
3,3,40,60
3,3,41,60
3,3,42,60
3,3,43,60
3,3,44,60
3,3,45,60
3,3,46,60
3,3,47,60
3,3,48,60
3,3,49,16
3,3,50,16
3,3,51,3
3,3,52,3
3,3,53,19
3,3,54,19
3,3,55,19
3,3,56,19
3,3,57,19
3,3,58,19
3,3,59,19
3,3,60,19
3,3,61,19
3,3,62,19
3,3,63,19
3,3,64,19
3,3,65,19
3,3,66,19
3,3,67,19
3,3,68,26
3,3,69,28
3,3,70,28
3,3,71,6
3,3,72,6
3,3,73,6
3,3,74,6
3,3,75,6
3,3,76,6
3,3,77,6
3,3,78,6
3,3,79,6
3,3,80,6
3,3,81,6
3,3,82,6
3,3,83,6
3,3,84,6
3,3,85,6
3,3,86,6
3,3,87,6
3,3,88,6
3,3,89,6
3,3,90,6
3,3,91,18
3,3,92,31
3,4,0,26
3,4,1,26
3,4,2,26
3,4,3,26
3,4,4,26
3,4,5,26
3,4,6,26
3,4,7,26
3,4,8,6
3,4,9,26
3,4,10,26
3,4,11,26
3,4,12,26
3,4,13,61
3,4,14,26
3,4,15,26
3,4,16,26
3,4,17,26
3,4,18,26
3,4,19,26
3,4,20,26
3,4,21,26
3,4,22,26
3,4,23,26
3,4,24,26
3,4,25,26
3,4,26,26
3,4,27,26
3,4,28,26
3,4,29,26
3,4,30,26
3,4,31,26
3,4,32,26
3,4,33,26
3,4,34,26
3,4,35,26
3,4,36,26
3,4,37,26
3,4,38,26
3,4,39,26
3,4,40,26
3,4,41,26
3,4,42,62
3,4,43,42
3,4,44,63
3,4,45,34
3,4,46,61
3,4,47,26
3,4,48,26
3,4,49,26
3,4,50,26
3,4,51,26
3,4,52,26
3,4,53,19
3,4,54,43
3,4,55,43
3,4,56,26
3,4,57,26
3,4,58,62
3,4,59,26
3,4,60,26
3,4,61,26
3,4,62,26
3,4,63,45
3,4,64,45
3,4,65,45
3,4,66,45
3,4,67,19
3,4,68,26
3,4,69,26
3,4,70,26
3,4,71,26
3,4,72,26
3,4,73,26
3,4,74,26
3,4,75,26
3,4,76,26
3,4,77,16
3,4,78,6
3,4,79,13
3,4,80,13
3,4,81,13
3,4,82,13
3,4,83,64
3,4,84,64
3,4,85,13
3,4,86,13
3,4,87,13
3,4,88,13
3,4,89,13
3,4,90,13
3,4,91,17
3,4,92,65
3,5,0,26
3,5,1,26
3,5,2,26
3,5,3,26
3,5,4,26
3,5,5,26
3,5,6,26
3,5,7,26
3,5,8,66
3,5,9,26
3,5,10,26
3,5,11,26
3,5,12,26
3,5,13,26
3,5,14,26
3,5,15,26
3,5,16,26
3,5,17,26
3,5,18,26
3,5,19,26
3,5,20,26
3,5,21,26
3,5,22,26
3,5,23,26
3,5,24,26
3,5,25,26
3,5,26,26
3,5,27,26
3,5,28,26
3,5,29,26
3,5,30,26
3,5,31,26
3,5,32,26
3,5,33,26
3,5,34,26
3,5,35,26
3,5,36,26
3,5,37,26
3,5,38,26
3,5,39,26
3,5,40,26
3,5,41,26
3,5,42,26
3,5,43,26
3,5,44,26
3,5,45,26
3,5,46,26
3,5,47,26
3,5,48,26
3,5,49,26
3,5,50,26
3,5,51,26
3,5,52,26
3,5,53,19
3,5,54,41
3,5,55,40
3,5,56,26
3,5,57,26
3,5,58,49
3,5,59,26
3,5,60,26
3,5,61,26
3,5,62,26
3,5,63,26
3,5,64,26
3,5,65,62
3,5,66,62
3,5,67,19
3,5,68,26
3,5,69,26
3,5,70,26
3,5,71,26
3,5,72,26
3,5,73,26
3,5,74,26
3,5,75,26
3,5,76,26
3,5,77,16
3,5,78,6
3,5,79,13
3,5,80,13
3,5,81,13
3,5,82,13
3,5,83,64
3,5,84,64
3,5,85,13
3,5,86,13
3,5,87,13
3,5,88,13
3,5,89,13
3,5,90,13
3,5,91,17
3,5,92,12
3,6,0,26
3,6,1,26
3,6,2,26
3,6,3,26
3,6,4,26
3,6,5,26
3,6,6,26
3,6,7,26
3,6,8,51
3,6,9,26
3,6,10,26
3,6,11,26
3,6,12,26
3,6,13,26
3,6,14,26
3,6,15,26
3,6,16,26
3,6,17,26
3,6,18,26
3,6,19,26
3,6,20,26
3,6,21,26
3,6,22,26
3,6,23,26
3,6,24,26
3,6,25,26
3,6,26,26
3,6,27,26
3,6,28,26
3,6,29,26
3,6,30,26
3,6,31,26
3,6,32,26
3,6,33,26
3,6,34,26
3,6,35,26
3,6,36,26
3,6,37,26
3,6,38,26
3,6,39,26
3,6,40,26
3,6,41,26
3,6,42,26
3,6,43,26
3,6,44,26
3,6,45,26
3,6,46,26
3,6,47,26
3,6,48,26
3,6,49,26
3,6,50,26
3,6,51,26
3,6,52,26
3,6,53,19
3,6,54,39
3,6,55,26
3,6,56,26
3,6,57,26
3,6,58,26
3,6,59,26
3,6,60,26
3,6,61,26
3,6,62,26
3,6,63,26
3,6,64,26
3,6,65,26
3,6,66,49
3,6,67,19
3,6,71,6
3,6,72,6
3,6,73,26
3,6,74,26
3,6,75,26
3,6,76,57
3,6,77,6
3,6,78,6
3,6,79,6
3,6,80,6
3,6,81,6
3,6,82,6
3,6,83,6
3,6,84,6
3,6,85,6
3,6,86,6
3,6,87,6
3,6,88,6
3,6,89,6
3,6,90,18
3,6,91,18
3,7,0,26
3,7,1,26
3,7,2,26
3,7,3,26
3,7,4,26
3,7,5,26
3,7,6,26
3,7,7,26
3,7,8,6
3,7,9,26
3,7,10,26
3,7,11,26
3,7,12,26
3,7,13,26
3,7,14,26
3,7,15,26
3,7,16,26
3,7,17,26
3,7,18,26
3,7,19,26
3,7,20,6
3,7,21,26
3,7,22,26
3,7,23,15
3,7,24,26
3,7,25,26
3,7,26,26
3,7,27,26
3,7,28,26
3,7,29,26
3,7,30,26
3,7,31,26
3,7,32,26
3,7,33,26
3,7,34,26
3,7,35,26
3,7,36,26
3,7,37,26
3,7,38,26
3,7,39,26
3,7,40,26
3,7,41,26
3,7,42,26
3,7,43,26
3,7,44,26
3,7,45,26
3,7,46,26
3,7,47,26
3,7,48,26
3,7,49,26
3,7,50,26
3,7,51,26
3,7,52,26
3,7,53,19
3,7,54,26
3,7,55,26
3,7,56,26
3,7,57,26
3,7,58,26
3,7,59,26
3,7,60,26
3,7,61,26
3,7,62,26
3,7,63,26
3,7,64,26
3,7,65,26
3,7,66,26
3,7,67,19
3,7,80,6
3,7,81,6
3,7,84,6
3,7,85,6
3,7,88,6
3,7,89,6
3,8,0,26
3,8,1,26
3,8,2,26
3,8,3,26
3,8,4,26
3,8,5,26
3,8,6,26
3,8,7,26
3,8,8,26
3,8,9,6
3,8,10,6
3,8,11,6
3,8,12,6
3,8,13,6
3,8,14,6
3,8,15,6
3,8,16,6
3,8,17,6
3,8,18,6
3,8,19,6
3,8,24,15
3,8,25,15
3,8,26,15
3,8,27,15
3,8,28,15
3,8,29,15
3,8,30,15
3,8,31,15
3,8,32,15
3,8,33,15
3,8,34,15
3,8,35,15
3,8,38,16
3,8,39,16
3,8,40,16
3,8,41,16
3,8,42,16
3,8,43,16
3,8,44,16
3,8,45,16
3,8,46,16
3,8,47,16
3,8,48,16
3,8,49,16
3,8,50,16
3,8,53,26
3,8,54,26
3,8,55,26
3,8,56,26
3,8,57,26
3,8,58,26
3,8,59,26
3,8,60,26
3,8,61,26
3,8,62,26
3,8,63,26
3,8,64,26
3,8,65,26
3,8,66,26
3,8,67,26
3,8,87,6
3,8,88,6
3,8,89,6
3,9,9,23
3,9,19,23
3,9,24,23
3,9,34,23
3,9,39,23
3,9,44,23
3,9,49,23
3,9,87,6
3,9,88,6
4,0,1,59
4,0,2,59
4,0,3,59
4,0,4,59
4,0,5,59
4,0,6,59
4,0,7,59
4,0,8,59
4,0,9,59
4,0,10,59
4,0,11,59
4,0,12,59
4,0,13,59
4,0,14,59
4,0,15,59
4,0,16,59
4,0,17,59
4,0,18,59
4,0,19,59
4,0,20,59
4,0,21,59
4,0,22,59
4,0,23,59
4,0,24,59
4,0,25,59
4,0,26,59
4,0,27,59
4,0,28,59
4,0,29,59
4,0,30,59
4,0,31,59
4,0,32,59
4,0,33,59
4,0,34,59
4,0,35,59
4,0,36,59
4,0,37,59
4,0,38,59
4,0,39,59
4,0,40,59
4,0,41,59
4,0,42,59
4,0,43,59
4,0,44,59
4,0,45,59
4,0,46,59
4,0,47,59
4,0,48,59
4,0,49,59
4,0,50,59
4,0,51,59
4,0,52,59
4,0,53,59
4,0,54,59
4,0,55,59
4,0,56,59
4,0,57,59
4,0,58,59
4,0,59,59
4,0,60,59
4,0,61,59
4,0,62,59
4,0,63,59
4,0,64,59
4,0,65,59
4,0,66,59
4,0,67,59
4,0,68,59
4,0,69,59
4,0,70,59
4,0,71,59
4,0,72,59
4,0,73,59
4,0,74,59
4,0,75,59
4,0,76,59
4,0,77,59
4,0,78,59
4,0,79,59
4,0,80,59
4,0,81,59
4,0,82,59
4,0,83,59
4,0,84,59
4,0,85,59
4,0,86,59
4,0,87,59
4,0,88,59
4,0,89,59
4,0,90,59
4,0,91,59
4,0,92,59
4,0,93,59
4,0,94,59
4,0,95,59
4,0,96,59
4,0,97,59
4,1,0,26
4,1,1,26
4,1,2,26
4,1,3,30
4,1,4,26
4,1,5,30
4,1,6,26
4,1,7,67
4,1,8,26
4,1,9,30
4,1,10,26
4,1,11,30
4,1,12,26
4,1,13,30
4,1,14,26
4,1,15,30
4,1,16,26
4,1,17,30
4,1,18,26
4,1,19,30
4,1,20,26
4,1,21,30
4,1,22,26
4,1,23,30
4,1,24,26
4,1,25,30
4,1,26,26
4,1,27,30
4,1,28,26
4,1,29,30
4,1,30,26
4,1,31,30
4,1,32,26
4,1,33,30
4,1,34,26
4,1,35,30
4,1,36,26
4,1,37,30
4,1,38,26
4,1,39,30
4,1,40,26
4,1,41,30
4,1,42,26
4,1,43,30
4,1,44,26
4,1,45,30
4,1,46,26
4,1,47,30
4,1,48,26
4,1,49,30
4,1,50,26
4,1,51,30
4,1,52,26
4,1,53,30
4,1,54,26
4,1,55,30
4,1,56,26
4,1,57,30
4,1,58,26
4,1,59,30
4,1,60,26
4,1,61,30
4,1,62,26
4,1,63,30
4,1,64,26
4,1,65,30
4,1,66,26
4,1,67,30
4,1,68,26
4,1,69,30
4,1,70,26
4,1,71,30
4,1,72,26
4,1,73,30
4,1,74,26
4,1,75,30
4,1,76,26
4,1,77,30
4,1,79,30
4,1,81,30
4,1,83,30
4,1,85,30
4,1,87,30
4,1,89,30
4,1,91,30
4,1,93,30
4,1,97,30
4,2,0,26
4,2,1,26
4,2,2,26
4,2,3,26
4,2,4,26
4,2,5,26
4,2,6,26
4,2,7,67
4,2,8,26
4,2,9,26
4,2,10,28
4,2,11,28
4,2,12,28
4,2,13,28
4,2,14,28
4,2,15,28
4,2,16,28
4,2,17,28
4,2,18,28
4,2,19,26
4,2,20,26
4,2,21,26
4,2,22,26
4,2,23,26
4,2,24,26
4,2,25,28
4,2,26,28
4,2,27,28
4,2,28,28
4,2,29,28
4,2,30,28
4,2,31,28
4,2,32,28
4,2,33,28
4,2,34,26
4,2,35,26
4,2,36,26
4,2,37,26
4,2,38,26
4,2,39,26
4,2,40,28
4,2,41,28
4,2,42,28
4,2,43,28
4,2,44,28
4,2,45,28
4,2,46,28
4,2,47,28
4,2,48,28
4,2,49,26
4,2,50,26
4,2,51,26
4,2,52,26
4,2,53,26
4,2,54,28
4,2,55,28
4,2,56,28
4,2,57,28
4,2,58,28
4,2,59,28
4,2,60,28
4,2,61,28
4,2,62,28
4,2,63,28
4,2,64,28
4,2,65,28
4,2,66,28
4,2,67,26
4,2,68,26
4,2,69,26
4,2,70,26
4,2,71,26
4,2,72,26
4,2,73,26
4,2,74,26
4,2,75,28
4,2,76,26
4,2,77,26
4,2,78,28
4,2,81,28
4,2,87,28
4,2,91,28
4,2,92,29
4,3,0,26
4,3,1,26
4,3,2,26
4,3,3,26
4,3,4,26
4,3,5,26
4,3,6,26
4,3,7,67
4,3,8,26
4,3,9,6
4,3,10,60
4,3,11,60
4,3,12,60
4,3,13,60
4,3,14,60
4,3,15,60
4,3,16,60
4,3,17,60
4,3,18,60
4,3,19,6
4,3,20,6
4,3,21,3
4,3,22,3
4,3,23,15
4,3,24,15
4,3,25,60
4,3,26,60
4,3,27,60
4,3,28,60
4,3,29,60
4,3,30,60
4,3,31,60
4,3,32,60
4,3,33,60
4,3,34,15
4,3,35,15
4,3,36,3
4,3,37,3
4,3,38,16
4,3,39,16
4,3,40,60
4,3,41,60
4,3,42,60
4,3,43,60
4,3,44,60
4,3,45,60
4,3,46,60
4,3,47,60
4,3,48,60
4,3,49,16
4,3,50,16
4,3,51,3
4,3,52,3
4,3,53,19
4,3,54,19
4,3,55,19
4,3,56,19
4,3,57,19
4,3,58,19
4,3,59,19
4,3,60,19
4,3,61,19
4,3,62,19
4,3,63,19
4,3,64,19
4,3,65,19
4,3,66,19
4,3,67,19
4,3,68,26
4,3,69,28
4,3,70,28
4,3,71,6
4,3,72,6
4,3,73,6
4,3,74,6
4,3,75,6
4,3,76,6
4,3,77,6
4,3,78,6
4,3,79,6
4,3,80,6
4,3,81,6
4,3,82,6
4,3,83,6
4,3,84,6
4,3,85,6
4,3,86,6
4,3,87,6
4,3,88,6
4,3,89,6
4,3,90,6
4,3,91,18
4,3,92,31
4,4,0,26
4,4,1,26
4,4,2,26
4,4,3,26
4,4,4,26
4,4,5,26
4,4,6,26
4,4,7,67
4,4,8,6
4,4,9,26
4,4,10,26
4,4,11,26
4,4,12,26
4,4,13,39
4,4,14,42
4,4,15,26
4,4,16,26
4,4,17,26
4,4,18,26
4,4,19,26
4,4,20,26
4,4,21,26
4,4,22,26
4,4,23,26
4,4,24,26
4,4,25,26
4,4,26,26
4,4,27,26
4,4,28,61
4,4,29,49
4,4,30,26
4,4,31,26
4,4,32,26
4,4,33,26
4,4,34,26
4,4,35,26
4,4,36,26
4,4,37,26
4,4,38,26
4,4,39,26
4,4,40,26
4,4,41,26
4,4,42,26
4,4,43,26
4,4,44,26
4,4,45,26
4,4,46,26
4,4,47,26
4,4,48,26
4,4,49,26
4,4,50,26
4,4,51,26
4,4,52,26
4,4,53,19
4,4,54,45
4,4,55,45
4,4,56,45
4,4,57,45
4,4,58,45
4,4,59,45
4,4,60,61
4,4,61,26
4,4,62,41
4,4,63,26
4,4,64,26
4,4,65,26
4,4,66,43
4,4,67,19
4,4,68,26
4,4,69,26
4,4,70,26
4,4,71,26
4,4,72,26
4,4,73,26
4,4,74,61
4,4,75,26
4,4,76,26
4,4,77,16
4,4,78,6
4,4,79,13
4,4,80,13
4,4,81,13
4,4,82,13
4,4,83,64
4,4,84,64
4,4,85,13
4,4,86,13
4,4,87,13
4,4,88,13
4,4,89,13
4,4,90,13
4,4,91,17
4,4,92,65
4,5,0,26
4,5,1,26
4,5,2,26
4,5,3,26
4,5,4,26
4,5,5,26
4,5,6,26
4,5,7,26
4,5,8,66
4,5,9,26
4,5,10,26
4,5,11,26
4,5,12,26
4,5,13,26
4,5,14,26
4,5,15,26
4,5,16,26
4,5,17,26
4,5,18,26
4,5,19,26
4,5,20,26
4,5,21,26
4,5,22,26
4,5,23,26
4,5,24,26
4,5,25,26
4,5,26,26
4,5,27,26
4,5,28,26
4,5,29,26
4,5,30,26
4,5,31,26
4,5,32,26
4,5,33,26
4,5,34,26
4,5,35,26
4,5,36,26
4,5,37,26
4,5,38,26
4,5,39,26
4,5,40,26
4,5,41,26
4,5,42,26
4,5,43,26
4,5,44,26
4,5,45,26
4,5,46,26
4,5,47,26
4,5,48,26
4,5,49,26
4,5,50,26
4,5,51,26
4,5,52,26
4,5,53,19
4,5,54,41
4,5,55,26
4,5,56,26
4,5,57,26
4,5,58,26
4,5,59,26
4,5,60,26
4,5,61,26
4,5,62,39
4,5,63,26
4,5,64,26
4,5,65,26
4,5,66,26
4,5,67,19
4,5,68,26
4,5,69,26
4,5,70,26
4,5,71,26
4,5,72,26
4,5,73,26
4,5,74,26
4,5,75,26
4,5,76,26
4,5,77,16
4,5,78,6
4,5,79,13
4,5,80,13
4,5,81,13
4,5,82,13
4,5,83,64
4,5,84,64
4,5,85,13
4,5,86,13
4,5,87,13
4,5,88,13
4,5,89,13
4,5,90,13
4,5,91,17
4,5,92,12
4,6,0,26
4,6,1,26
4,6,2,26
4,6,3,26
4,6,4,26
4,6,5,26
4,6,6,26
4,6,7,26
4,6,8,50
4,6,9,26
4,6,10,26
4,6,11,26
4,6,12,26
4,6,13,26
4,6,14,26
4,6,15,26
4,6,16,26
4,6,17,26
4,6,18,26
4,6,19,26
4,6,20,26
4,6,21,26
4,6,22,26
4,6,23,26
4,6,24,26
4,6,25,26
4,6,26,26
4,6,27,26
4,6,28,26
4,6,29,26
4,6,30,26
4,6,31,26
4,6,32,26
4,6,33,26
4,6,34,26
4,6,35,26
4,6,36,26
4,6,37,26
4,6,38,26
4,6,39,26
4,6,40,26
4,6,41,26
4,6,42,26
4,6,43,26
4,6,44,26
4,6,45,26
4,6,46,26
4,6,47,26
4,6,48,26
4,6,49,26
4,6,50,26
4,6,51,26
4,6,52,26
4,6,53,19
4,6,54,26
4,6,55,26
4,6,56,26
4,6,57,26
4,6,58,26
4,6,59,26
4,6,60,26
4,6,61,26
4,6,62,26
4,6,63,26
4,6,64,26
4,6,65,26
4,6,66,26
4,6,67,19
4,6,71,6
4,6,72,6
4,6,73,26
4,6,74,26
4,6,75,26
4,6,76,57
4,6,77,6
4,6,78,6
4,6,79,6
4,6,80,6
4,6,81,6
4,6,82,6
4,6,83,6
4,6,84,6
4,6,85,6
4,6,86,6
4,6,87,6
4,6,88,6
4,6,89,6
4,6,90,18
4,6,91,18
4,7,0,26
4,7,1,26
4,7,2,26
4,7,3,26
4,7,4,26
4,7,5,26
4,7,6,26
4,7,7,26
4,7,8,6
4,7,9,26
4,7,10,26
4,7,11,26
4,7,12,26
4,7,13,26
4,7,14,26
4,7,15,26
4,7,16,26
4,7,17,26
4,7,18,26
4,7,19,26
4,7,20,6
4,7,21,26
4,7,22,26
4,7,23,15
4,7,24,26
4,7,25,26
4,7,26,26
4,7,27,26
4,7,28,26
4,7,29,26
4,7,30,26
4,7,31,26
4,7,32,26
4,7,33,26
4,7,34,26
4,7,35,26
4,7,36,26
4,7,37,26
4,7,38,26
4,7,39,26
4,7,40,26
4,7,41,26
4,7,42,26
4,7,43,26
4,7,44,26
4,7,45,26
4,7,46,26
4,7,47,26
4,7,48,26
4,7,49,26
4,7,50,26
4,7,51,26
4,7,52,26
4,7,53,19
4,7,54,26
4,7,55,26
4,7,56,26
4,7,57,26
4,7,58,26
4,7,59,26
4,7,60,26
4,7,61,26
4,7,62,26
4,7,63,26
4,7,64,26
4,7,65,26
4,7,66,26
4,7,67,19
4,7,80,6
4,7,81,6
4,7,84,6
4,7,85,6
4,7,88,6
4,7,89,6
4,8,0,26
4,8,1,26
4,8,2,26
4,8,3,26
4,8,4,26
4,8,5,26
4,8,6,26
4,8,7,26
4,8,8,26
4,8,9,6
4,8,10,6
4,8,11,6
4,8,12,6
4,8,13,6
4,8,14,6
4,8,15,6
4,8,16,6
4,8,17,6
4,8,18,6
4,8,19,6
4,8,24,15
4,8,25,15
4,8,26,15
4,8,27,15
4,8,28,15
4,8,29,15
4,8,30,15
4,8,31,15
4,8,32,15
4,8,33,15
4,8,34,15
4,8,35,15
4,8,38,16
4,8,39,16
4,8,40,16
4,8,41,16
4,8,42,16
4,8,43,16
4,8,44,16
4,8,45,16
4,8,46,16
4,8,47,16
4,8,48,16
4,8,49,16
4,8,50,16
4,8,53,26
4,8,54,26
4,8,55,26
4,8,56,26
4,8,57,26
4,8,58,26
4,8,59,26
4,8,60,26
4,8,61,26
4,8,62,26
4,8,63,26
4,8,64,26
4,8,65,26
4,8,66,26
4,8,67,26
4,8,87,6
4,8,88,6
4,8,89,6
4,9,9,4
4,9,19,4
4,9,24,4
4,9,34,4
4,9,39,4
4,9,44,4
4,9,49,4
4,9,87,6
4,9,88,6
5,1,0,26
5,1,1,26
5,1,2,10
5,1,3,10
5,1,4,10
5,1,5,26
5,1,6,26
5,1,7,24
5,1,8,24
5,1,9,25
5,1,10,10
5,1,11,10
5,1,12,24
5,1,13,24
5,1,14,24
5,1,15,10
5,1,16,25
5,1,17,24
5,1,18,24
5,1,19,25
5,1,20,10
5,1,21,10
5,1,22,24
5,1,23,24
5,1,24,24
5,1,25,10
5,1,26,25
5,1,27,24
5,1,28,24
5,1,29,25
5,1,30,10
5,1,31,10
5,1,32,24
5,1,33,24
5,1,34,24
5,1,35,10
5,1,36,25
5,1,37,24
5,1,38,24
5,1,39,25
5,1,40,10
5,1,41,10
5,1,42,24
5,1,43,24
5,1,44,24
5,1,45,10
5,1,46,25
5,1,47,24
5,1,48,24
5,1,49,25
5,1,50,10
5,1,51,10
5,1,52,24
5,1,53,24
5,1,54,24
5,1,55,10
5,1,56,25
5,1,57,24
5,1,58,24
5,1,59,25
5,1,60,10
5,1,61,10
5,1,62,24
5,1,63,24
5,1,64,24
5,1,65,10
5,1,66,25
5,1,67,24
5,1,68,24
5,1,69,25
5,1,70,10
5,1,71,10
5,1,72,24
5,1,73,24
5,1,74,24
5,1,75,10
5,1,76,25
5,1,77,24
5,1,78,24
5,1,79,25
5,1,80,10
5,1,81,10
5,1,82,24
5,1,83,24
5,1,84,24
5,1,85,10
5,1,86,25
5,1,87,24
5,1,88,24
5,1,89,25
5,1,90,10
5,1,91,10
5,1,92,24
5,1,93,24
5,1,96,25
5,1,98,0
5,2,0,26
5,2,1,26
5,2,2,26
5,2,3,26
5,2,4,26
5,2,5,26
5,2,6,26
5,2,7,0
5,2,8,26
5,2,9,26
5,2,10,27
5,2,11,26
5,2,12,26
5,2,13,26
5,2,14,26
5,2,15,26
5,2,16,26
5,2,17,26
5,2,18,27
5,2,19,26
5,2,20,26
5,2,21,26
5,2,22,26
5,2,23,26
5,2,24,26
5,2,25,27
5,2,26,26
5,2,27,26
5,2,28,26
5,2,29,26
5,2,30,26
5,2,31,26
5,2,32,26
5,2,33,27
5,2,34,26
5,2,35,26
5,2,36,26
5,2,37,26
5,2,38,26
5,2,39,26
5,2,40,27
5,2,41,26
5,2,42,26
5,2,43,26
5,2,44,26
5,2,45,26
5,2,46,26
5,2,47,26
5,2,48,27
5,2,49,26
5,2,50,26
5,2,51,26
5,2,52,26
5,2,53,26
5,2,54,26
5,2,55,27
5,2,56,26
5,2,57,26
5,2,58,26
5,2,59,26
5,2,60,26
5,2,61,26
5,2,62,26
5,2,63,26
5,2,64,26
5,2,65,27
5,2,66,26
5,2,67,26
5,2,68,26
5,2,69,26
5,2,70,26
5,2,71,26
5,2,72,26
5,2,73,26
5,2,74,28
5,2,75,27
5,2,76,28
5,2,77,28
5,2,78,27
5,2,79,28
5,2,80,28
5,2,81,27
5,2,82,28
5,2,83,28
5,2,84,28
5,2,85,28
5,2,86,28
5,2,87,27
5,2,88,28
5,2,89,28
5,2,90,9
5,2,91,23
5,2,92,29
5,2,93,0
5,3,0,26
5,3,1,26
5,3,2,26
5,3,3,26
5,3,4,26
5,3,5,26
5,3,6,9
5,3,7,9
5,3,8,9
5,3,9,6
5,3,10,6
5,3,11,6
5,3,12,6
5,3,13,6
5,3,14,6
5,3,15,6
5,3,16,6
5,3,17,6
5,3,18,6
5,3,19,6
5,3,20,31
5,3,21,29
5,3,22,7
5,3,23,9
5,3,24,15
5,3,25,15
5,3,26,15
5,3,27,15
5,3,28,15
5,3,29,15
5,3,30,15
5,3,31,15
5,3,32,15
5,3,33,15
5,3,34,15
5,3,35,31
5,3,36,29
5,3,37,7
5,3,38,9
5,3,39,16
5,3,40,16
5,3,41,16
5,3,42,16
5,3,43,16
5,3,44,16
5,3,45,16
5,3,46,16
5,3,47,16
5,3,48,16
5,3,49,16
5,3,50,31
5,3,51,29
5,3,52,7
5,3,53,9
5,3,54,19
5,3,55,19
5,3,56,19
5,3,57,19
5,3,58,13
5,3,59,14
5,3,60,14
5,3,61,14
5,3,62,13
5,3,63,19
5,3,64,19
5,3,65,19
5,3,66,19
5,3,67,31
5,3,68,29
5,3,69,7
5,3,70,9
5,3,71,6
5,3,72,6
5,3,73,6
5,3,74,6
5,3,75,6
5,3,76,6
5,3,77,6
5,3,78,6
5,3,79,6
5,3,80,6
5,3,81,6
5,3,82,6
5,3,83,6
5,3,84,6
5,3,85,6
5,3,86,6
5,3,87,6
5,3,88,32
5,3,89,32
5,3,90,68
5,3,91,68
5,3,92,31
5,4,0,26
5,4,1,26
5,4,2,26
5,4,3,26
5,4,4,26
5,4,5,26
5,4,6,29
5,4,7,33
5,4,8,6
5,4,9,69
5,4,10,69
5,4,11,70
5,4,12,70
5,4,13,41
5,4,14,34
5,4,15,40
5,4,16,70
5,4,17,70
5,4,18,69
5,4,19,69
5,4,20,6
5,4,21,36
5,4,22,33
5,4,23,15
5,4,24,71
5,4,25,72
5,4,26,72
5,4,27,40
5,4,28,39
5,4,29,63
5,4,30,63
5,4,31,34
5,4,32,72
5,4,33,72
5,4,34,71
5,4,35,15
5,4,36,36
5,4,37,33
5,4,38,16
5,4,39,34
5,4,40,73
5,4,41,74
5,4,42,75
5,4,43,73
5,4,44,26
5,4,45,73
5,4,46,76
5,4,47,77
5,4,48,73
5,4,49,34
5,4,50,16
5,4,51,36
5,4,52,33
5,4,53,19
5,4,54,45
5,4,55,45
5,4,56,45
5,4,57,45
5,4,58,13
5,4,59,78
5,4,60,17
5,4,61,78
5,4,62,13
5,4,63,54
5,4,64,26
5,4,65,43
5,4,66,43
5,4,67,19
5,4,68,36
5,4,69,0
5,4,70,26
5,4,71,6
5,4,72,6
5,4,73,34
5,4,74,41
5,4,75,47
5,4,76,26
5,4,77,21
5,4,78,22
5,4,79,29
5,4,80,13
5,4,81,29
5,4,82,13
5,4,83,29
5,4,84,48
5,4,85,29
5,4,86,13
5,4,87,29
5,4,88,13
5,4,89,29
5,4,90,18
5,4,91,18
5,4,92,36
5,5,0,26
5,5,1,26
5,5,2,26
5,5,3,26
5,5,4,26
5,5,5,26
5,5,6,26
5,5,7,26
5,5,8,22
5,5,9,26
5,5,10,26
5,5,11,26
5,5,12,26
5,5,13,26
5,5,14,34
5,5,15,26
5,5,16,26
5,5,17,26
5,5,18,26
5,5,19,26
5,5,20,14
5,5,21,79
5,5,22,26
5,5,23,14
5,5,24,71
5,5,25,26
5,5,26,26
5,5,27,26
5,5,28,41
5,5,29,42
5,5,30,40
5,5,31,26
5,5,32,26
5,5,33,26
5,5,34,71
5,5,35,15
5,5,36,79
5,5,37,26
5,5,38,16
5,5,39,26
5,5,40,73
5,5,41,74
5,5,42,75
5,5,43,73
5,5,44,26
5,5,45,73
5,5,46,76
5,5,47,77
5,5,48,73
5,5,49,26
5,5,50,16
5,5,51,79
5,5,52,26
5,5,53,19
5,5,54,45
5,5,55,45
5,5,56,45
5,5,57,45
5,5,58,13
5,5,59,51
5,5,60,17
5,5,61,50
5,5,62,13
5,5,63,26
5,5,64,26
5,5,65,26
5,5,66,43
5,5,67,19
5,5,68,26
5,5,69,26
5,5,70,26
5,5,71,6
5,5,72,6
5,5,73,26
5,5,74,26
5,5,75,80
5,5,76,26
5,5,77,21
5,5,78,23
5,5,79,31
5,5,80,13
5,5,81,31
5,5,82,13
5,5,83,31
5,5,84,53
5,5,85,31
5,5,86,13
5,5,87,31
5,5,88,13
5,5,89,31
5,5,90,18
5,5,91,18
5,6,0,26
5,6,1,26
5,6,2,26
5,6,3,26
5,6,4,26
5,6,5,26
5,6,6,26
5,6,7,26
5,6,8,23
5,6,9,26
5,6,10,26
5,6,11,26
5,6,12,26
5,6,13,26
5,6,14,26
5,6,15,26
5,6,16,26
5,6,17,26
5,6,18,26
5,6,19,26
5,6,20,14
5,6,21,79
5,6,22,26
5,6,23,14
5,6,24,26
5,6,25,26
5,6,26,26
5,6,27,26
5,6,28,26
5,6,29,26
5,6,30,26
5,6,31,26
5,6,32,26
5,6,33,26
5,6,34,26
5,6,35,15
5,6,36,79
5,6,37,26
5,6,38,16
5,6,39,26
5,6,40,26
5,6,41,26
5,6,42,26
5,6,43,26
5,6,44,26
5,6,45,26
5,6,46,26
5,6,47,26
5,6,48,26
5,6,49,26
5,6,50,16
5,6,51,79
5,6,52,26
5,6,53,19
5,6,54,5
5,6,55,26
5,6,56,26
5,6,57,26
5,6,58,13
5,6,59,17
5,6,60,17
5,6,61,17
5,6,62,13
5,6,63,26
5,6,64,26
5,6,65,26
5,6,66,5
5,6,67,19
5,6,71,6
5,6,72,6
5,6,73,55
5,6,74,55
5,6,75,55
5,6,76,55
5,6,77,56
5,6,78,22
5,6,79,22
5,6,80,22
5,6,81,22
5,6,82,22
5,6,83,22
5,6,84,22
5,6,85,22
5,6,86,22
5,6,87,22
5,6,88,22
5,6,89,22
5,6,90,81
5,6,91,81
5,7,0,26
5,7,1,26
5,7,2,26
5,7,3,26
5,7,4,26
5,7,5,26
5,7,6,26
5,7,7,57
5,7,8,6
5,7,9,4
5,7,10,26
5,7,11,26
5,7,12,26
5,7,13,26
5,7,14,26
5,7,15,26
5,7,16,26
5,7,17,26
5,7,18,26
5,7,19,4
5,7,20,6
5,7,21,79
5,7,22,26
5,7,23,15
5,7,24,26
5,7,25,26
5,7,26,26
5,7,27,26
5,7,28,26
5,7,29,26
5,7,30,26
5,7,31,26
5,7,32,26
5,7,33,26
5,7,34,26
5,7,35,15
5,7,36,79
5,7,37,26
5,7,38,16
5,7,39,26
5,7,40,26
5,7,41,26
5,7,42,26
5,7,43,26
5,7,44,26
5,7,45,26
5,7,46,26
5,7,47,26
5,7,48,26
5,7,49,26
5,7,50,16
5,7,51,79
5,7,52,26
5,7,53,19
5,7,54,4
5,7,55,26
5,7,56,26
5,7,57,26
5,7,58,13
5,7,59,19
5,7,60,19
5,7,61,19
5,7,62,13
5,7,63,26
5,7,64,26
5,7,65,26
5,7,66,4
5,7,67,19
5,8,0,26
5,8,1,26
5,8,2,26
5,8,3,26
5,8,4,26
5,8,5,26
5,8,6,26
5,8,7,26
5,8,8,7
5,8,9,6
5,8,10,6
5,8,11,6
5,8,12,6
5,8,13,6
5,8,14,6
5,8,15,6
5,8,16,6
5,8,17,6
5,8,18,6
5,8,19,6
5,8,24,13
5,8,25,15
5,8,26,15
5,8,27,13
5,8,28,15
5,8,29,15
5,8,30,15
5,8,31,13
5,8,32,15
5,8,33,15
5,8,34,13
5,8,35,29
5,8,38,7
5,8,39,13
5,8,40,16
5,8,41,16
5,8,42,16
5,8,43,16
5,8,44,14
5,8,45,16
5,8,46,16
5,8,47,16
5,8,48,16
5,8,49,13
5,8,50,29
5,8,53,26
5,8,54,5
5,8,55,26
5,8,56,26
5,8,57,26
5,8,58,5
5,8,59,26
5,8,60,26
5,8,61,26
5,8,62,5
5,8,63,26
5,8,64,26
5,8,65,26
5,8,66,5
5,8,67,26
5,9,9,22
5,9,12,3
5,9,13,3
5,9,14,3
5,9,15,3
5,9,16,3
5,9,19,22
5,9,24,22
5,9,25,3
5,9,26,3
5,9,27,3
5,9,31,3
5,9,32,3
5,9,33,3
5,9,34,22
5,9,39,22
5,9,41,58
5,9,42,58
5,9,44,22
5,9,46,58
5,9,47,58
5,9,49,22
6,1,0,0
6,1,4,0
6,1,5,0
6,1,6,0
6,1,7,0
6,1,8,0
6,1,9,0
6,1,10,0
6,1,11,0
6,1,12,0
6,1,13,0
6,1,14,0
6,1,15,0
6,1,16,0
6,1,17,0
6,1,18,0
6,1,19,0
6,1,20,0
6,1,21,0
6,1,22,0
6,1,23,0
6,1,24,0
6,1,25,0
6,1,26,0
6,1,27,0
6,1,28,0
6,1,29,0
6,1,30,0
6,1,31,0
6,1,32,0
6,1,33,0
6,1,34,0
6,1,35,0
6,1,36,82
6,1,37,82
6,1,38,0
6,1,39,0
6,1,40,0
6,1,41,0
6,1,42,0
6,1,43,0
6,1,44,0
6,1,45,0
6,1,46,0
6,1,47,0
6,1,48,0
6,1,49,0
6,1,50,0
6,1,51,0
6,1,52,0
6,1,53,0
6,1,54,0
6,1,55,0
6,1,56,0
6,1,57,0
6,1,58,0
6,1,59,82
6,1,61,82
6,1,62,0
6,1,63,0
6,1,64,0
6,1,65,0
6,1,66,0
6,1,67,0
6,1,68,0
6,1,69,0
6,1,70,0
6,1,71,0
6,1,72,0
6,1,73,0
6,1,74,0
6,1,75,0
6,1,76,0
6,1,77,0
6,1,78,0
6,1,79,0
6,1,80,0
6,1,81,0
6,1,82,0
6,1,83,0
6,1,84,0
6,1,85,0
6,1,86,0
6,1,87,0
6,1,88,0
6,1,89,0
6,1,90,11
6,1,91,0
6,1,92,0
6,1,93,0
6,1,94,0
6,1,95,0
6,1,96,0
6,2,36,82
6,2,37,82
6,2,59,82
6,2,61,82
6,2,91,12
6,3,9,68
6,3,10,68
6,3,11,68
6,3,12,68
6,3,13,68
6,3,14,68
6,3,15,68
6,3,16,68
6,3,17,68
6,3,18,68
6,3,19,68
6,3,24,68
6,3,25,68
6,3,26,68
6,3,27,68
6,3,28,68
6,3,29,68
6,3,30,68
6,3,31,68
6,3,32,68
6,3,33,68
6,3,34,68
6,3,36,82
6,3,37,82
6,3,39,68
6,3,40,68
6,3,41,68
6,3,42,68
6,3,43,68
6,3,44,68
6,3,45,68
6,3,46,68
6,3,47,68
6,3,48,68
6,3,49,68
6,3,50,3
6,3,54,13
6,3,55,14
6,3,56,14
6,3,57,14
6,3,59,82
6,3,61,82
6,3,63,14
6,3,64,14
6,3,65,14
6,3,66,13
6,3,70,23
6,3,71,23
6,3,72,23
6,3,73,6
6,3,74,6
6,3,75,6
6,3,76,6
6,3,77,6
6,3,78,68
6,3,79,68
6,3,80,68
6,3,81,68
6,3,82,68
6,3,83,68
6,3,84,68
6,3,85,68
6,3,86,68
6,3,87,68
6,3,88,68
6,3,89,68
6,3,90,12
6,3,91,22
6,4,9,13
6,4,10,6
6,4,11,6
6,4,12,6
6,4,13,6
6,4,14,6
6,4,15,6
6,4,16,6
6,4,17,6
6,4,18,6
6,4,19,13
6,4,24,13
6,4,25,15
6,4,26,15
6,4,27,13
6,4,28,15
6,4,29,15
6,4,30,15
6,4,31,13
6,4,32,15
6,4,33,15
6,4,34,13
6,4,39,13
6,4,40,16
6,4,41,17
6,4,42,17
6,4,43,17
6,4,44,18
6,4,45,17
6,4,46,17
6,4,47,17
6,4,48,16
6,4,49,13
6,4,50,3
6,4,51,3
6,4,54,13
6,4,55,19
6,4,56,18
6,4,57,19
6,4,63,19
6,4,64,18
6,4,65,19
6,4,66,13
6,4,71,22
6,4,72,22
6,4,73,6
6,4,74,16
6,4,75,6
6,4,76,83
6,4,77,21
6,4,78,5
6,4,82,3
6,4,86,3
6,5,9,13
6,5,10,13
6,5,11,6
6,5,12,6
6,5,13,13
6,5,14,17
6,5,15,13
6,5,16,6
6,5,17,6
6,5,18,13
6,5,19,13
6,5,24,13
6,5,25,18
6,5,26,14
6,5,27,14
6,5,28,14
6,5,29,18
6,5,30,14
6,5,31,13
6,5,32,14
6,5,33,18
6,5,34,13
6,5,39,13
6,5,40,14
6,5,41,14
6,5,42,14
6,5,43,14
6,5,44,18
6,5,45,14
6,5,46,14
6,5,47,14
6,5,48,14
6,5,49,13
6,5,50,3
6,5,51,3
6,5,54,13
6,5,55,19
6,5,56,18
6,5,57,19
6,5,63,19
6,5,64,18
6,5,65,19
6,5,66,13
6,5,71,23
6,5,72,23
6,5,73,6
6,5,74,16
6,5,75,6
6,5,76,83
6,5,77,21
6,5,78,4
6,5,82,3
6,5,86,3
6,6,9,13
6,6,10,6
6,6,11,0
6,6,12,0
6,6,13,6
6,6,14,18
6,6,15,6
6,6,16,0
6,6,17,0
6,6,18,6
6,6,19,13
6,6,24,13
6,6,25,0
6,6,26,0
6,6,27,13
6,6,28,0
6,6,29,0
6,6,30,0
6,6,31,13
6,6,32,0
6,6,33,0
6,6,34,13
6,6,39,13
6,6,40,16
6,6,41,0
6,6,42,0
6,6,43,18
6,6,44,18
6,6,45,18
6,6,46,0
6,6,47,0
6,6,48,16
6,6,49,13
6,6,50,3
6,6,51,3
6,6,54,13
6,6,55,18
6,6,56,18
6,6,57,18
6,6,58,22
6,6,62,22
6,6,63,18
6,6,64,18
6,6,65,18
6,6,66,13
6,6,71,22
6,6,72,22
6,6,73,6
6,6,74,16
6,6,75,6
6,6,76,6
6,6,77,6
6,6,78,3
6,7,9,13
6,7,10,13
6,7,11,6
6,7,12,6
6,7,13,13
6,7,14,17
6,7,15,13
6,7,16,6
6,7,17,6
6,7,18,13
6,7,19,13
6,7,24,13
6,7,25,15
6,7,26,15
6,7,27,13
6,7,28,15
6,7,29,15
6,7,30,15
6,7,31,13
6,7,32,15
6,7,33,15
6,7,34,13
6,7,39,13
6,7,40,16
6,7,41,17
6,7,42,17
6,7,43,16
6,7,44,14
6,7,45,16
6,7,46,17
6,7,47,17
6,7,48,16
6,7,49,13
6,7,50,3
6,7,51,3
6,7,54,13
6,7,55,19
6,7,56,19
6,7,57,19
6,7,58,23
6,7,62,23
6,7,63,19
6,7,64,19
6,7,65,19
6,7,66,13
6,7,74,22
6,7,76,22
6,8,9,22
6,8,12,22
6,8,16,22
6,8,19,22
6,8,24,22
6,8,27,22
6,8,31,22
6,8,34,22
6,8,39,22
6,8,44,22
6,8,49,22
6,8,50,3
6,8,54,22
6,8,55,53
6,8,56,81
6,8,57,65
6,8,58,22
6,8,62,22
6,8,66,22
7,3,74,68
7,3,76,68
7,3,77,3
7,3,78,3
7,4,40,23
7,4,48,23
7,4,73,22
7,4,74,6
7,4,75,22
7,4,76,6
7,4,77,7
7,4,78,3
7,5,40,81
7,5,48,81
7,5,73,23
7,5,74,6
7,5,75,23
7,5,76,6
7,5,77,9
7,5,78,3
7,6,40,68
7,6,48,68
7,6,74,81
7,6,76,81
7,6,77,3
7,6,78,3
7,7,40,22
7,7,48,22
8,1,3,0
8,1,94,0
